0 0 Color[0.0, 0.53125, 0.0, 1.0]
0 1 Color[0.0, 0.53125, 0.0, 1.0]
0 2 Color[0.0, 0.53125, 0.0, 1.0]
0 3 Color[0.0, 0.53125, 0.0, 1.0]
0 4 Color[0.0, 0.53125, 0.0, 1.0]
0 5 Color[0.0, 0.53125, 0.0, 1.0]
0 6 Color[0.0, 0.53125, 0.0, 1.0]
0 7 Color[0.0, 0.53125, 0.0, 1.0]
0 8 Color[0.0, 0.53125, 0.0, 1.0]
0 9 Color[0.0, 0.53125, 0.0, 1.0]
0 10 Color[0.0, 0.53125, 0.0, 1.0]
0 11 Color[0.0, 0.53125, 0.0, 1.0]
0 12 Color[0.0, 0.53125, 0.0, 1.0]
0 13 Color[0.0, 0.53125, 0.0, 1.0]
0 14 Color[0.0, 0.53125, 0.0, 1.0]
0 15 Color[0.0, 0.53125, 0.0, 1.0]
0 16 Color[0.0, 0.53125, 0.0, 1.0]
0 17 Color[0.0, 0.53125, 0.0, 1.0]
0 18 Color[0.0, 0.53125, 0.0, 1.0]
0 19 Color[0.0, 0.53125, 0.0, 1.0]
0 20 Color[0.0, 0.53125, 0.0, 1.0]
0 21 Color[0.0, 0.53125, 0.0, 1.0]
0 22 Color[0.0, 0.53125, 0.0, 1.0]
0 23 Color[0.0, 0.53125, 0.0, 1.0]
0 24 Color[0.0, 0.53125, 0.0, 1.0]
0 25 Color[0.0, 0.53125, 0.0, 1.0]
0 26 Color[0.0, 0.53125, 0.0, 1.0]
0 27 Color[0.0, 0.53125, 0.0, 1.0]
0 28 Color[0.0, 0.53125, 0.0, 1.0]
0 29 Color[0.0, 0.53125, 0.0, 1.0]
0 30 Color[0.0, 0.53125, 0.0, 1.0]
0 31 Color[0.0, 0.53125, 0.0, 1.0]
0 32 Color[0.0, 0.53125, 0.0, 1.0]
0 33 Color[0.0, 0.53125, 0.0, 1.0]
0 34 Color[0.0, 0.53125, 0.0, 1.0]
0 35 Color[0.0, 0.53125, 0.0, 1.0]
0 36 Color[0.0, 0.53125, 0.0, 1.0]
0 37 Color[0.0, 0.53125, 0.0, 1.0]
0 38 Color[0.0, 0.53125, 0.0, 1.0]
0 39 Color[0.0, 0.53125, 0.0, 1.0]
0 40 Color[0.0, 0.53125, 0.0, 1.0]
0 41 Color[0.0, 0.53125, 0.0, 1.0]
0 42 Color[0.0, 0.53125, 0.0, 1.0]
0 43 Color[0.0, 0.53125, 0.0, 1.0]
0 44 Color[0.0, 0.53125, 0.0, 1.0]
0 45 Color[0.0, 0.53125, 0.0, 1.0]
0 46 Color[0.0, 0.53125, 0.0, 1.0]
0 47 Color[0.0, 0.53125, 0.0, 1.0]
0 48 Color[0.0, 0.53125, 0.0, 1.0]
0 49 Color[0.0, 0.53125, 0.0, 1.0]
1 0 Color[0.0, 0.53125, 0.0, 1.0]
1 1 Color[0.0, 0.53125, 0.0, 1.0]
1 2 Color[0.0, 0.53125, 0.0, 1.0]
1 3 Color[0.0, 0.53125, 0.0, 1.0]
1 4 Color[0.0, 0.53125, 0.0, 1.0]
1 5 Color[0.0, 0.53125, 0.0, 1.0]
1 6 Color[0.0, 0.53125, 0.0, 1.0]
1 7 Color[0.0, 0.53125, 0.0, 1.0]
1 8 Color[0.0, 0.53125, 0.0, 1.0]
1 9 Color[0.0, 0.53125, 0.0, 1.0]
1 10 Color[0.0, 0.53125, 0.0, 1.0]
1 11 Color[0.0, 0.53125, 0.0, 1.0]
1 12 Color[0.0, 0.53125, 0.0, 1.0]
1 13 Color[0.0, 0.53125, 0.0, 1.0]
1 14 Color[0.0, 0.53125, 0.0, 1.0]
1 15 Color[0.0, 0.53125, 0.0, 1.0]
1 16 Color[0.0, 0.53125, 0.0, 1.0]
1 17 Color[0.0, 0.53125, 0.0, 1.0]
1 18 Color[0.0, 0.53125, 0.0, 1.0]
1 19 Color[0.0, 0.53125, 0.0, 1.0]
1 20 Color[0.0, 0.53125, 0.0, 1.0]
1 21 Color[0.0, 0.53125, 0.0, 1.0]
1 22 Color[0.0, 0.53125, 0.0, 1.0]
1 23 Color[0.0, 0.53125, 0.0, 1.0]
1 24 Color[0.0, 0.53125, 0.0, 1.0]
1 25 Color[0.0, 0.53125, 0.0, 1.0]
1 26 Color[0.0, 0.53125, 0.0, 1.0]
1 27 Color[0.0, 0.53125, 0.0, 1.0]
1 28 Color[0.0, 0.53125, 0.0, 1.0]
1 29 Color[0.0, 0.53125, 0.0, 1.0]
1 30 Color[0.0, 0.53125, 0.0, 1.0]
1 31 Color[0.0, 0.53125, 0.0, 1.0]
1 32 Color[0.0, 0.53125, 0.0, 1.0]
1 33 Color[0.0, 0.53125, 0.0, 1.0]
1 34 Color[0.0, 0.53125, 0.0, 1.0]
1 35 Color[0.0, 0.53125, 0.0, 1.0]
1 36 Color[0.0, 0.53125, 0.0, 1.0]
1 37 Color[0.0, 0.53125, 0.0, 1.0]
1 38 Color[0.0, 0.53125, 0.0, 1.0]
1 39 Color[0.0, 0.53125, 0.0, 1.0]
1 40 Color[0.0, 0.53125, 0.0, 1.0]
1 41 Color[0.0, 0.53125, 0.0, 1.0]
1 42 Color[0.0, 0.53125, 0.0, 1.0]
1 43 Color[0.0, 0.53125, 0.0, 1.0]
1 44 Color[0.0, 0.53125, 0.0, 1.0]
1 45 Color[0.0, 0.53125, 0.0, 1.0]
1 46 Color[0.0, 0.53125, 0.0, 1.0]
1 47 Color[0.0, 0.53125, 0.0, 1.0]
1 48 Color[0.0, 0.53125, 0.0, 1.0]
1 49 Color[0.0, 0.53125, 0.0, 1.0]
2 0 Color[0.0, 0.53125, 0.0, 1.0]
2 1 Color[0.0, 0.53125, 0.0, 1.0]
2 2 Color[0.0, 0.53125, 0.0, 1.0]
2 3 Color[0.0, 0.53125, 0.0, 1.0]
2 4 Color[0.0, 0.53125, 0.0, 1.0]
2 5 Color[0.0, 0.53125, 0.0, 1.0]
2 6 Color[0.0, 0.53125, 0.0, 1.0]
2 7 Color[0.0, 0.53125, 0.0, 1.0]
2 8 Color[0.0, 0.53125, 0.0, 1.0]
2 9 Color[0.0, 0.53125, 0.0, 1.0]
2 10 Color[0.0, 0.53125, 0.0, 1.0]
2 11 Color[0.0, 0.53125, 0.0, 1.0]
2 12 Color[0.0, 0.53125, 0.0, 1.0]
2 13 Color[0.0, 0.53125, 0.0, 1.0]
2 14 Color[0.0, 0.53125, 0.0, 1.0]
2 15 Color[0.0, 0.53125, 0.0, 1.0]
2 16 Color[0.0, 0.53125, 0.0, 1.0]
2 17 Color[0.0, 0.53125, 0.0, 1.0]
2 18 Color[0.0, 0.53125, 0.0, 1.0] | box Color[0.5625, 0.28125, 0.0, 1.0]
2 19 Color[0.0, 0.53125, 0.0, 1.0]
2 20 Color[0.0, 0.53125, 0.0, 1.0]
2 21 Color[0.0, 0.53125, 0.0, 1.0]
2 22 Color[0.0, 0.53125, 0.0, 1.0]
2 23 Color[0.0, 0.53125, 0.0, 1.0]
2 24 Color[0.0, 0.53125, 0.0, 1.0]
2 25 Color[0.0, 0.53125, 0.0, 1.0]
2 26 Color[0.0, 0.53125, 0.0, 1.0]
2 27 Color[0.0, 0.53125, 0.0, 1.0]
2 28 Color[0.0, 0.53125, 0.0, 1.0]
2 29 Color[0.0, 0.53125, 0.0, 1.0]
2 30 Color[0.0, 0.53125, 0.0, 1.0]
2 31 Color[0.0, 0.53125, 0.0, 1.0]
2 32 Color[0.0, 0.53125, 0.0, 1.0]
2 33 Color[0.0, 0.53125, 0.0, 1.0]
2 34 Color[0.0, 0.53125, 0.0, 1.0]
2 35 Color[0.0, 0.53125, 0.0, 1.0]
2 36 Color[0.0, 0.53125, 0.0, 1.0]
2 37 Color[0.0, 0.53125, 0.0, 1.0]
2 38 Color[0.0, 0.53125, 0.0, 1.0]
2 39 Color[0.0, 0.53125, 0.0, 1.0]
2 40 Color[0.0, 0.53125, 0.0, 1.0]
2 41 Color[0.0, 0.53125, 0.0, 1.0]
2 42 Color[0.0, 0.53125, 0.0, 1.0]
2 43 Color[0.0, 0.53125, 0.0, 1.0]
2 44 Color[0.0, 0.53125, 0.0, 1.0]
2 45 Color[0.0, 0.53125, 0.0, 1.0]
2 46 Color[0.0, 0.53125, 0.0, 1.0]
2 47 Color[0.0, 0.53125, 0.0, 1.0]
2 48 Color[0.0, 0.53125, 0.0, 1.0]
2 49 Color[0.0, 0.53125, 0.0, 1.0]
3 0 Color[0.0, 0.53125, 0.0, 1.0]
3 1 Color[0.0, 0.53125, 0.0, 1.0]
3 2 Color[0.0, 0.53125, 0.0, 1.0]
3 3 Color[0.0, 0.53125, 0.0, 1.0]
3 4 Color[0.0, 0.53125, 0.0, 1.0]
3 5 Color[0.0, 0.53125, 0.0, 1.0]
3 6 Color[0.0, 0.53125, 0.0, 1.0]
3 7 Color[0.0, 0.53125, 0.0, 1.0]
3 8 Color[0.0, 0.53125, 0.0, 1.0]
3 9 Color[0.0, 0.53125, 0.0, 1.0]
3 10 Color[0.0, 0.53125, 0.0, 1.0]
3 11 Color[0.0, 0.53125, 0.0, 1.0]
3 12 Color[0.0, 0.53125, 0.0, 1.0]
3 13 Color[0.0, 0.53125, 0.0, 1.0]
3 14 Color[0.0, 0.53125, 0.0, 1.0]
3 15 Color[0.0, 0.53125, 0.0, 1.0]
3 16 Color[0.0, 0.53125, 0.0, 1.0]
3 17 Color[0.0, 0.53125, 0.0, 1.0]
3 18 Color[0.0, 0.53125, 0.0, 1.0]
3 19 Color[0.0, 0.53125, 0.0, 1.0]
3 20 Color[0.0, 0.53125, 0.0, 1.0]
3 21 Color[0.0, 0.53125, 0.0, 1.0]
3 22 Color[0.0, 0.53125, 0.0, 1.0]
3 23 Color[0.0, 0.53125, 0.0, 1.0]
3 24 Color[0.0, 0.53125, 0.0, 1.0]
3 25 Color[0.0, 0.53125, 0.0, 1.0]
3 26 Color[0.0, 0.53125, 0.0, 1.0]
3 27 Color[0.0, 0.53125, 0.0, 1.0]
3 28 Color[0.0, 0.53125, 0.0, 1.0]
3 29 Color[0.0, 0.53125, 0.0, 1.0]
3 30 Color[0.0, 0.53125, 0.0, 1.0]
3 31 Color[0.0, 0.53125, 0.0, 1.0]
3 32 Color[0.0, 0.53125, 0.0, 1.0]
3 33 Color[0.0, 0.53125, 0.0, 1.0]
3 34 Color[0.0, 0.53125, 0.0, 1.0]
3 35 Color[0.0, 0.53125, 0.0, 1.0]
3 36 Color[0.0, 0.53125, 0.0, 1.0]
3 37 Color[0.0, 0.53125, 0.0, 1.0]
3 38 Color[0.0, 0.53125, 0.0, 1.0]
3 39 Color[0.0, 0.53125, 0.0, 1.0]
3 40 Color[0.0, 0.53125, 0.0, 1.0]
3 41 Color[0.0, 0.53125, 0.0, 1.0]
3 42 Color[0.0, 0.53125, 0.0, 1.0]
3 43 Color[0.0, 0.53125, 0.0, 1.0]
3 44 Color[0.0, 0.53125, 0.0, 1.0]
3 45 Color[0.0, 0.53125, 0.0, 1.0]
3 46 Color[0.0, 0.53125, 0.0, 1.0]
3 47 Color[0.0, 0.53125, 0.0, 1.0]
3 48 Color[0.0, 0.53125, 0.0, 1.0]
3 49 Color[0.0, 0.53125, 0.0, 1.0]
4 0 Color[0.0, 0.53125, 0.0, 1.0]
4 1 Color[0.0, 0.53125, 0.0, 1.0]
4 2 Color[0.0, 0.53125, 0.0, 1.0]
4 3 Color[0.0, 0.53125, 0.0, 1.0]
4 4 Color[0.0, 0.53125, 0.0, 1.0]
4 5 Color[0.0, 0.53125, 0.0, 1.0]
4 6 Color[0.0, 0.53125, 0.0, 1.0]
4 7 Color[0.0, 0.53125, 0.0, 1.0]
4 8 Color[0.0, 0.53125, 0.0, 1.0]
4 9 Color[0.0, 0.53125, 0.0, 1.0] | box Color[0.5625, 0.28125, 0.0, 1.0]
4 10 Color[0.0, 0.53125, 0.0, 1.0]
4 11 Color[0.0, 0.53125, 0.0, 1.0]
4 12 Color[0.0, 0.53125, 0.0, 1.0]
4 13 Color[0.0, 0.53125, 0.0, 1.0]
4 14 Color[0.0, 0.53125, 0.0, 1.0]
4 15 Color[0.0, 0.53125, 0.0, 1.0] | box Color[0.5625, 0.28125, 0.0, 1.0]
4 16 Color[0.0, 0.53125, 0.0, 1.0]
4 17 Color[0.0, 0.53125, 0.0, 1.0]
4 18 Color[0.0, 0.53125, 0.0, 1.0]
4 19 Color[0.0, 0.53125, 0.0, 1.0]
4 20 Color[0.0, 0.53125, 0.0, 1.0]
4 21 Color[0.0, 0.53125, 0.0, 1.0]
4 22 Color[0.0, 0.53125, 0.0, 1.0]
4 23 Color[0.0, 0.53125, 0.0, 1.0]
4 24 Color[0.0, 0.53125, 0.0, 1.0]
4 25 Color[0.0, 0.53125, 0.0, 1.0]
4 26 Color[0.0, 0.53125, 0.0, 1.0]
4 27 Color[0.0, 0.53125, 0.0, 1.0]
4 28 Color[0.0, 0.53125, 0.0, 1.0]
4 29 Color[0.0, 0.53125, 0.0, 1.0]
4 30 Color[0.0, 0.53125, 0.0, 1.0]
4 31 Color[0.0, 0.53125, 0.0, 1.0]
4 32 Color[0.0, 0.53125, 0.0, 1.0]
4 33 Color[0.0, 0.53125, 0.0, 1.0]
4 34 Color[0.0, 0.53125, 0.0, 1.0]
4 35 Color[0.0, 0.53125, 0.0, 1.0]
4 36 Color[0.0, 0.53125, 0.0, 1.0]
4 37 Color[0.0, 0.53125, 0.0, 1.0]
4 38 Color[0.0, 0.53125, 0.0, 1.0]
4 39 Color[0.0, 0.53125, 0.0, 1.0]
4 40 Color[0.0, 0.53125, 0.0, 1.0]
4 41 Color[0.0, 0.53125, 0.0, 1.0]
4 42 Color[0.0, 0.53125, 0.0, 1.0]
4 43 Color[0.0, 0.53125, 0.0, 1.0]
4 44 Color[0.0, 0.53125, 0.0, 1.0]
4 45 Color[0.0, 0.53125, 0.0, 1.0]
4 46 Color[0.0, 0.53125, 0.0, 1.0]
4 47 Color[0.0, 0.53125, 0.0, 1.0]
4 48 Color[0.0, 0.53125, 0.0, 1.0]
4 49 Color[0.0, 0.53125, 0.0, 1.0]
5 0 Color[0.0, 0.53125, 0.0, 1.0]
5 1 Color[0.0, 0.53125, 0.0, 1.0]
5 2 Color[0.0, 0.53125, 0.0, 1.0]
5 3 Color[0.0, 0.53125, 0.0, 1.0]
5 4 Color[0.0, 0.53125, 0.0, 1.0] | box Color[0.5625, 0.28125, 0.0, 1.0]
5 5 Color[0.0, 0.53125, 0.0, 1.0]
5 6 Color[0.0, 0.53125, 0.0, 1.0]
5 7 Color[0.0, 0.53125, 0.0, 1.0]
5 8 Color[0.0, 0.53125, 0.0, 1.0]
5 9 Color[0.0, 0.53125, 0.0, 1.0]
5 10 Color[0.0, 0.53125, 0.0, 1.0]
5 11 Color[0.0, 0.53125, 0.0, 1.0]
5 12 Color[0.0, 0.53125, 0.0, 1.0]
5 13 Color[0.0, 0.53125, 0.0, 1.0]
5 14 Color[0.0, 0.53125, 0.0, 1.0]
5 15 Color[0.0, 0.53125, 0.0, 1.0]
5 16 Color[0.0, 0.53125, 0.0, 1.0]
5 17 Color[0.0, 0.53125, 0.0, 1.0]
5 18 Color[0.0, 0.53125, 0.0, 1.0]
5 19 Color[0.0, 0.53125, 0.0, 1.0]
5 20 Color[0.0, 0.53125, 0.0, 1.0] | box Color[0.5625, 0.28125, 0.0, 1.0]
5 21 Color[0.0, 0.53125, 0.0, 1.0]
5 22 Color[0.0, 0.53125, 0.0, 1.0]
5 23 Color[0.0, 0.53125, 0.0, 1.0]
5 24 Color[0.0, 0.53125, 0.0, 1.0] | box Color[0.5625, 0.28125, 0.0, 1.0]
5 25 Color[0.0, 0.53125, 0.0, 1.0]
5 26 Color[0.0, 0.53125, 0.0, 1.0]
5 27 Color[0.0, 0.53125, 0.0, 1.0]
5 28 Color[0.0, 0.53125, 0.0, 1.0]
5 29 Color[0.0, 0.53125, 0.0, 1.0]
5 30 Color[0.0, 0.53125, 0.0, 1.0]
5 31 Color[0.0, 0.53125, 0.0, 1.0]
5 32 Color[0.0, 0.53125, 0.0, 1.0]
5 33 Color[0.0, 0.53125, 0.0, 1.0]
5 34 Color[0.0, 0.53125, 0.0, 1.0]
5 35 Color[0.0, 0.53125, 0.0, 1.0]
5 36 Color[0.0, 0.53125, 0.0, 1.0]
5 37 Color[0.0, 0.53125, 0.0, 1.0]
5 38 Color[0.0, 0.53125, 0.0, 1.0]
5 39 Color[0.0, 0.53125, 0.0, 1.0]
5 40 Color[0.0, 0.53125, 0.0, 1.0]
5 41 Color[0.0, 0.53125, 0.0, 1.0]
5 42 Color[0.0, 0.53125, 0.0, 1.0]
5 43 Color[0.0, 0.53125, 0.0, 1.0]
5 44 Color[0.0, 0.53125, 0.0, 1.0]
5 45 Color[0.0, 0.53125, 0.0, 1.0]
5 46 Color[0.0, 0.53125, 0.0, 1.0]
5 47 Color[0.0, 0.53125, 0.0, 1.0]
5 48 Color[0.0, 0.53125, 0.0, 1.0]
5 49 Color[0.0, 0.53125, 0.0, 1.0]
6 0 Color[0.0, 0.53125, 0.0, 1.0]
6 1 Color[0.0, 0.53125, 0.0, 1.0]
6 2 Color[0.0, 0.53125, 0.0, 1.0]
6 3 Color[0.0, 0.53125, 0.0, 1.0]
6 4 Color[0.0, 0.53125, 0.0, 1.0]
6 5 Color[0.0, 0.53125, 0.0, 1.0]
6 6 Color[0.0, 0.53125, 0.0, 1.0]
6 7 Color[0.0, 0.53125, 0.0, 1.0]
6 8 Color[0.0, 0.53125, 0.0, 1.0]
6 9 Color[0.0, 0.53125, 0.0, 1.0]
6 10 Color[0.0, 0.53125, 0.0, 1.0]
6 11 Color[0.0, 0.53125, 0.0, 1.0]
6 12 Color[0.0, 0.53125, 0.0, 1.0]
6 13 Color[0.0, 0.53125, 0.0, 1.0]
6 14 Color[0.0, 0.53125, 0.0, 1.0]
6 15 Color[0.0, 0.53125, 0.0, 1.0]
6 16 Color[0.0, 0.53125, 0.0, 1.0]
6 17 Color[0.0, 0.53125, 0.0, 1.0]
6 18 Color[0.0, 0.53125, 0.0, 1.0]
6 19 Color[0.0, 0.53125, 0.0, 1.0]
6 20 Color[0.0, 0.53125, 0.0, 1.0]
6 21 Color[0.0, 0.53125, 0.0, 1.0]
6 22 Color[0.0, 0.53125, 0.0, 1.0]
6 23 Color[0.0, 0.53125, 0.0, 1.0]
6 24 Color[0.0, 0.53125, 0.0, 1.0]
6 25 Color[0.0, 0.53125, 0.0, 1.0]
6 26 Color[0.0, 0.53125, 0.0, 1.0]
6 27 Color[0.0, 0.53125, 0.0, 1.0]
6 28 Color[0.0, 0.53125, 0.0, 1.0]
6 29 Color[0.0, 0.53125, 0.0, 1.0]
6 30 Color[0.0, 0.53125, 0.0, 1.0]
6 31 Color[0.0, 0.53125, 0.0, 1.0]
6 32 Color[0.0, 0.53125, 0.0, 1.0]
6 33 Color[0.0, 0.53125, 0.0, 1.0]
6 34 Color[0.0, 0.53125, 0.0, 1.0]
6 35 Color[0.0, 0.53125, 0.0, 1.0]
6 36 Color[0.0, 0.53125, 0.0, 1.0]
6 37 Color[0.0, 0.53125, 0.0, 1.0]
6 38 Color[0.0, 0.53125, 0.0, 1.0]
6 39 Color[0.0, 0.53125, 0.0, 1.0]
6 40 Color[0.0, 0.53125, 0.0, 1.0]
6 41 Color[0.0, 0.53125, 0.0, 1.0]
6 42 Color[0.0, 0.53125, 0.0, 1.0]
6 43 Color[0.0, 0.53125, 0.0, 1.0]
6 44 Color[0.0, 0.53125, 0.0, 1.0]
6 45 Color[0.0, 0.53125, 0.0, 1.0]
6 46 Color[0.0, 0.53125, 0.0, 1.0]
6 47 Color[0.0, 0.53125, 0.0, 1.0]
6 48 Color[0.0, 0.53125, 0.0, 1.0]
6 49 Color[0.0, 0.53125, 0.0, 1.0]
7 0 Color[0.0, 0.53125, 0.0, 1.0]
7 1 Color[0.0, 0.53125, 0.0, 1.0]
7 2 Color[0.0, 0.53125, 0.0, 1.0]
7 3 Color[0.0, 0.53125, 0.0, 1.0]
7 4 Color[0.0, 0.53125, 0.0, 1.0]
7 5 Color[0.0, 0.53125, 0.0, 1.0]
7 6 Color[0.0, 0.53125, 0.0, 1.0] | box Color[0.5625, 0.28125, 0.0, 1.0]
7 7 Color[0.0, 0.53125, 0.0, 1.0]
7 8 Color[0.0, 0.53125, 0.0, 1.0]
7 9 Color[0.0, 0.53125, 0.0, 1.0]
7 10 Color[0.0, 0.53125, 0.0, 1.0]
7 11 Color[0.0, 0.53125, 0.0, 1.0]
7 12 Color[0.0, 0.53125, 0.0, 1.0]
7 13 Color[0.0, 0.53125, 0.0, 1.0]
7 14 Color[0.0, 0.53125, 0.0, 1.0]
7 15 Color[0.0, 0.53125, 0.0, 1.0]
7 16 Color[0.0, 0.53125, 0.0, 1.0]
7 17 Color[0.0, 0.53125, 0.0, 1.0]
7 18 Color[0.0, 0.53125, 0.0, 1.0]
7 19 Color[0.0, 0.53125, 0.0, 1.0]
7 20 Color[0.0, 0.53125, 0.0, 1.0]
7 21 Color[0.0, 0.53125, 0.0, 1.0]
7 22 Color[0.0, 0.53125, 0.0, 1.0]
7 23 Color[0.0, 0.53125, 0.0, 1.0]
7 24 Color[0.0, 0.53125, 0.0, 1.0]
7 25 Color[0.0, 0.53125, 0.0, 1.0]
7 26 Color[0.0, 0.53125, 0.0, 1.0]
7 27 Color[0.0, 0.53125, 0.0, 1.0]
7 28 Color[0.0, 0.53125, 0.0, 1.0]
7 29 Color[0.0, 0.53125, 0.0, 1.0]
7 30 Color[0.0, 0.53125, 0.0, 1.0]
7 31 Color[0.0, 0.53125, 0.0, 1.0]
7 32 Color[0.0, 0.53125, 0.0, 1.0]
7 33 Color[0.0, 0.53125, 0.0, 1.0]
7 34 Color[0.0, 0.53125, 0.0, 1.0]
7 35 Color[0.0, 0.53125, 0.0, 1.0]
7 36 Color[0.0, 0.53125, 0.0, 1.0]
7 37 Color[0.0, 0.53125, 0.0, 1.0]
7 38 Color[0.0, 0.53125, 0.0, 1.0]
7 39 Color[0.0, 0.53125, 0.0, 1.0]
7 40 Color[0.0, 0.53125, 0.0, 1.0]
7 41 Color[0.0, 0.53125, 0.0, 1.0]
7 42 Color[0.0, 0.53125, 0.0, 1.0]
7 43 Color[0.0, 0.53125, 0.0, 1.0]
7 44 Color[0.0, 0.53125, 0.0, 1.0]
7 45 Color[0.0, 0.53125, 0.0, 1.0]
7 46 Color[0.0, 0.53125, 0.0, 1.0]
7 47 Color[0.0, 0.53125, 0.0, 1.0]
7 48 Color[0.0, 0.53125, 0.0, 1.0]
7 49 Color[0.0, 0.53125, 0.0, 1.0]
8 0 Color[0.0, 0.53125, 0.0, 1.0]
8 1 Color[0.0, 0.53125, 0.0, 1.0]
8 2 Color[0.0, 0.53125, 0.0, 1.0]
8 3 Color[0.0, 0.53125, 0.0, 1.0]
8 4 Color[0.0, 0.53125, 0.0, 1.0]
8 5 Color[0.0, 0.53125, 0.0, 1.0]
8 6 Color[0.0, 0.53125, 0.0, 1.0]
8 7 Color[0.0, 0.53125, 0.0, 1.0]
8 8 Color[0.0, 0.53125, 0.0, 1.0]
8 9 Color[0.0, 0.53125, 0.0, 1.0] | box Color[0.5625, 0.28125, 0.0, 1.0]
8 10 Color[0.0, 0.53125, 0.0, 1.0]
8 11 Color[0.0, 0.53125, 0.0, 1.0]
8 12 Color[0.0, 0.53125, 0.0, 1.0]
8 13 Color[0.0, 0.53125, 0.0, 1.0] | box Color[0.5625, 0.28125, 0.0, 1.0]
8 14 Color[0.0, 0.53125, 0.0, 1.0]
8 15 Color[0.0, 0.53125, 0.0, 1.0]
8 16 Color[0.0, 0.53125, 0.0, 1.0]
8 17 Color[0.0, 0.53125, 0.0, 1.0]
8 18 Color[0.0, 0.53125, 0.0, 1.0] | box Color[0.5625, 0.28125, 0.0, 1.0]
8 19 Color[0.0, 0.53125, 0.0, 1.0]
8 20 Color[0.0, 0.53125, 0.0, 1.0]
8 21 Color[0.0, 0.53125, 0.0, 1.0]
8 22 Color[0.0, 0.53125, 0.0, 1.0]
8 23 Color[0.0, 0.53125, 0.0, 1.0]
8 24 Color[0.0, 0.53125, 0.0, 1.0]
8 25 Color[0.0, 0.53125, 0.0, 1.0]
8 26 Color[0.0, 0.53125, 0.0, 1.0]
8 27 Color[0.0, 0.53125, 0.0, 1.0]
8 28 Color[0.0, 0.53125, 0.0, 1.0]
8 29 Color[0.0, 0.53125, 0.0, 1.0]
8 30 Color[0.0, 0.53125, 0.0, 1.0]
8 31 Color[0.0, 0.53125, 0.0, 1.0]
8 32 Color[0.0, 0.53125, 0.0, 1.0]
8 33 Color[0.0, 0.53125, 0.0, 1.0]
8 34 Color[0.0, 0.53125, 0.0, 1.0]
8 35 Color[0.0, 0.53125, 0.0, 1.0]
8 36 Color[0.0, 0.53125, 0.0, 1.0]
8 37 Color[0.0, 0.53125, 0.0, 1.0]
8 38 Color[0.0, 0.53125, 0.0, 1.0]
8 39 Color[0.0, 0.53125, 0.0, 1.0]
8 40 Color[0.0, 0.53125, 0.0, 1.0]
8 41 Color[0.0, 0.53125, 0.0, 1.0]
8 42 Color[0.0, 0.53125, 0.0, 1.0]
8 43 Color[0.0, 0.53125, 0.0, 1.0]
8 44 Color[0.0, 0.53125, 0.0, 1.0]
8 45 Color[0.0, 0.53125, 0.0, 1.0]
8 46 Color[0.0, 0.53125, 0.0, 1.0]
8 47 Color[0.0, 0.53125, 0.0, 1.0]
8 48 Color[0.0, 0.53125, 0.0, 1.0]
8 49 Color[0.0, 0.53125, 0.0, 1.0]
9 0 Color[0.0, 0.53125, 0.0, 1.0]
9 1 Color[0.0, 0.53125, 0.0, 1.0]
9 2 Color[0.0, 0.53125, 0.0, 1.0]
9 3 Color[0.0, 0.53125, 0.0, 1.0]
9 4 Color[0.0, 0.53125, 0.0, 1.0]
9 5 Color[0.0, 0.53125, 0.0, 1.0]
9 6 Color[0.0, 0.53125, 0.0, 1.0] | box Color[0.5625, 0.28125, 0.0, 1.0]
9 7 Color[0.0, 0.53125, 0.0, 1.0]
9 8 Color[0.0, 0.53125, 0.0, 1.0]
9 9 Color[0.0, 0.53125, 0.0, 1.0]
9 10 Color[0.0, 0.53125, 0.0, 1.0]
9 11 Color[0.0, 0.53125, 0.0, 1.0]
9 12 Color[0.0, 0.53125, 0.0, 1.0]
9 13 Color[0.0, 0.53125, 0.0, 1.0]
9 14 Color[0.0, 0.53125, 0.0, 1.0]
9 15 Color[0.0, 0.53125, 0.0, 1.0] | box Color[0.5625, 0.28125, 0.0, 1.0]
9 16 Color[0.0, 0.53125, 0.0, 1.0]
9 17 Color[0.0, 0.53125, 0.0, 1.0]
9 18 Color[0.0, 0.53125, 0.0, 1.0]
9 19 Color[0.0, 0.53125, 0.0, 1.0]
9 20 Color[0.0, 0.53125, 0.0, 1.0]
9 21 Color[0.0, 0.53125, 0.0, 1.0]
9 22 Color[0.0, 0.53125, 0.0, 1.0] | box Color[0.5625, 0.28125, 0.0, 1.0]
9 23 Color[0.0, 0.53125, 0.0, 1.0] | box Color[0.5625, 0.28125, 0.0, 1.0]
9 24 Color[0.0, 0.53125, 0.0, 1.0]
9 25 Color[0.0, 0.53125, 0.0, 1.0]
9 26 Color[0.0, 0.53125, 0.0, 1.0]
9 27 Color[0.0, 0.53125, 0.0, 1.0]
9 28 Color[0.0, 0.53125, 0.0, 1.0]
9 29 Color[0.0, 0.53125, 0.0, 1.0]
9 30 Color[0.0, 0.53125, 0.0, 1.0]
9 31 Color[0.0, 0.53125, 0.0, 1.0]
9 32 Color[0.0, 0.53125, 0.0, 1.0]
9 33 Color[0.0, 0.53125, 0.0, 1.0]
9 34 Color[0.0, 0.53125, 0.0, 1.0]
9 35 Color[0.0, 0.53125, 0.0, 1.0]
9 36 Color[0.0, 0.53125, 0.0, 1.0]
9 37 Color[0.0, 0.53125, 0.0, 1.0]
9 38 Color[0.0, 0.53125, 0.0, 1.0]
9 39 Color[0.0, 0.53125, 0.0, 1.0]
9 40 Color[0.0, 0.53125, 0.0, 1.0]
9 41 Color[0.0, 0.53125, 0.0, 1.0]
9 42 Color[0.0, 0.53125, 0.0, 1.0]
9 43 Color[0.0, 0.53125, 0.0, 1.0]
9 44 Color[0.0, 0.53125, 0.0, 1.0]
9 45 Color[0.0, 0.53125, 0.0, 1.0]
9 46 Color[0.0, 0.53125, 0.0, 1.0]
9 47 Color[0.0, 0.53125, 0.0, 1.0]
9 48 Color[0.0, 0.53125, 0.0, 1.0]
9 49 Color[0.0, 0.53125, 0.0, 1.0]
10 0 Color[0.0, 0.53125, 0.0, 1.0]
10 1 Color[0.0, 0.53125, 0.0, 1.0]
10 2 Color[0.0, 0.53125, 0.0, 1.0]
10 3 Color[0.0, 0.53125, 0.0, 1.0] | box Color[0.5625, 0.28125, 0.0, 1.0]
10 4 Color[0.0, 0.53125, 0.0, 1.0]
10 5 Color[0.0, 0.53125, 0.0, 1.0]
10 6 Color[0.0, 0.53125, 0.0, 1.0]
10 7 Color[0.0, 0.53125, 0.0, 1.0]
10 8 Color[0.0, 0.53125, 0.0, 1.0]
10 9 Color[0.0, 0.53125, 0.0, 1.0]
10 10 Color[0.0, 0.53125, 0.0, 1.0]
10 11 Color[0.0, 0.53125, 0.0, 1.0]
10 12 Color[0.0, 0.53125, 0.0, 1.0]
10 13 Color[0.0, 0.53125, 0.0, 1.0]
10 14 Color[0.0, 0.53125, 0.0, 1.0]
10 15 Color[0.0, 0.53125, 0.0, 1.0]
10 16 Color[0.0, 0.53125, 0.0, 1.0]
10 17 Color[0.0, 0.53125, 0.0, 1.0]
10 18 Color[0.0, 0.53125, 0.0, 1.0]
10 19 Color[0.0, 0.53125, 0.0, 1.0]
10 20 Color[0.0, 0.53125, 0.0, 1.0]
10 21 Color[0.0, 0.53125, 0.0, 1.0]
10 22 Color[0.0, 0.53125, 0.0, 1.0]
10 23 Color[0.0, 0.53125, 0.0, 1.0]
10 24 Color[0.0, 0.53125, 0.0, 1.0]
10 25 Color[0.0, 0.53125, 0.0, 1.0]
10 26 Color[0.0, 0.53125, 0.0, 1.0]
10 27 Color[0.0, 0.53125, 0.0, 1.0]
10 28 Color[0.0, 0.53125, 0.0, 1.0]
10 29 Color[0.0, 0.53125, 0.0, 1.0]
10 30 Color[0.0, 0.53125, 0.0, 1.0]
10 31 Color[0.0, 0.53125, 0.0, 1.0]
10 32 Color[0.0, 0.53125, 0.0, 1.0]
10 33 Color[0.0, 0.53125, 0.0, 1.0]
10 34 Color[0.0, 0.53125, 0.0, 1.0]
10 35 Color[0.0, 0.53125, 0.0, 1.0]
10 36 Color[0.0, 0.53125, 0.0, 1.0]
10 37 Color[0.0, 0.53125, 0.0, 1.0]
10 38 Color[0.0, 0.53125, 0.0, 1.0]
10 39 Color[0.0, 0.53125, 0.0, 1.0]
10 40 Color[0.0, 0.53125, 0.0, 1.0]
10 41 Color[0.0, 0.53125, 0.0, 1.0]
10 42 Color[0.0, 0.53125, 0.0, 1.0]
10 43 Color[0.0, 0.53125, 0.0, 1.0]
10 44 Color[0.0, 0.53125, 0.0, 1.0]
10 45 Color[0.0, 0.53125, 0.0, 1.0]
10 46 Color[0.0, 0.53125, 0.0, 1.0]
10 47 Color[0.0, 0.53125, 0.0, 1.0]
10 48 Color[0.0, 0.53125, 0.0, 1.0]
10 49 Color[0.0, 0.53125, 0.0, 1.0]
11 0 Color[0.0, 0.53125, 0.0, 1.0]
11 1 Color[0.0, 0.53125, 0.0, 1.0]
11 2 Color[0.0, 0.53125, 0.0, 1.0]
11 3 Color[0.0, 0.53125, 0.0, 1.0]
11 4 Color[0.0, 0.53125, 0.0, 1.0]
11 5 Color[0.0, 0.53125, 0.0, 1.0]
11 6 Color[0.0, 0.53125, 0.0, 1.0]
11 7 Color[0.0, 0.53125, 0.0, 1.0]
11 8 Color[0.0, 0.53125, 0.0, 1.0]
11 9 Color[0.0, 0.53125, 0.0, 1.0]
11 10 Color[0.0, 0.53125, 0.0, 1.0]
11 11 Color[0.0, 0.53125, 0.0, 1.0]
11 12 Color[0.0, 0.53125, 0.0, 1.0]
11 13 Color[0.0, 0.53125, 0.0, 1.0]
11 14 Color[0.0, 0.53125, 0.0, 1.0]
11 15 Color[0.0, 0.53125, 0.0, 1.0]
11 16 Color[0.0, 0.53125, 0.0, 1.0]
11 17 Color[0.0, 0.53125, 0.0, 1.0]
11 18 Color[0.0, 0.53125, 0.0, 1.0]
11 19 Color[0.0, 0.53125, 0.0, 1.0]
11 20 Color[0.0, 0.53125, 0.0, 1.0]
11 21 Color[0.0, 0.53125, 0.0, 1.0]
11 22 Color[0.0, 0.53125, 0.0, 1.0]
11 23 Color[0.0, 0.53125, 0.0, 1.0]
11 24 Color[0.0, 0.53125, 0.0, 1.0]
11 25 Color[0.0, 0.53125, 0.0, 1.0]
11 26 Color[0.0, 0.53125, 0.0, 1.0]
11 27 Color[0.0, 0.53125, 0.0, 1.0]
11 28 Color[0.0, 0.53125, 0.0, 1.0]
11 29 Color[0.0, 0.53125, 0.0, 1.0]
11 30 Color[0.0, 0.53125, 0.0, 1.0]
11 31 Color[0.0, 0.53125, 0.0, 1.0]
11 32 Color[0.0, 0.53125, 0.0, 1.0]
11 33 Color[0.0, 0.53125, 0.0, 1.0]
11 34 Color[0.0, 0.53125, 0.0, 1.0]
11 35 Color[0.0, 0.53125, 0.0, 1.0]
11 36 Color[0.0, 0.53125, 0.0, 1.0]
11 37 Color[0.0, 0.53125, 0.0, 1.0]
11 38 Color[0.0, 0.53125, 0.0, 1.0]
11 39 Color[0.0, 0.53125, 0.0, 1.0]
11 40 Color[0.0, 0.53125, 0.0, 1.0]
11 41 Color[0.0, 0.53125, 0.0, 1.0]
11 42 Color[0.0, 0.53125, 0.0, 1.0]
11 43 Color[0.0, 0.53125, 0.0, 1.0]
11 44 Color[0.0, 0.53125, 0.0, 1.0]
11 45 Color[0.0, 0.53125, 0.0, 1.0]
11 46 Color[0.0, 0.53125, 0.0, 1.0]
11 47 Color[0.0, 0.53125, 0.0, 1.0]
11 48 Color[0.0, 0.53125, 0.0, 1.0]
11 49 Color[0.0, 0.53125, 0.0, 1.0]
12 0 Color[0.0, 0.53125, 0.0, 1.0]
12 1 Color[0.0, 0.53125, 0.0, 1.0]
12 2 Color[0.0, 0.53125, 0.0, 1.0]
12 3 Color[0.0, 0.53125, 0.0, 1.0]
12 4 Color[0.0, 0.53125, 0.0, 1.0]
12 5 Color[0.0, 0.53125, 0.0, 1.0]
12 6 Color[0.0, 0.53125, 0.0, 1.0]
12 7 Color[0.0, 0.53125, 0.0, 1.0] | box Color[0.5625, 0.28125, 0.0, 1.0]
12 8 Color[0.0, 0.53125, 0.0, 1.0]
12 9 Color[0.0, 0.53125, 0.0, 1.0]
12 10 Color[0.0, 0.53125, 0.0, 1.0] | box Color[0.5625, 0.28125, 0.0, 1.0]
12 11 Color[0.0, 0.53125, 0.0, 1.0]
12 12 Color[0.0, 0.53125, 0.0, 1.0]
12 13 Color[0.0, 0.53125, 0.0, 1.0]
12 14 Color[0.0, 0.53125, 0.0, 1.0]
12 15 Color[0.0, 0.53125, 0.0, 1.0]
12 16 Color[0.0, 0.53125, 0.0, 1.0]
12 17 Color[0.0, 0.53125, 0.0, 1.0]
12 18 Color[0.0, 0.53125, 0.0, 1.0]
12 19 Color[0.0, 0.53125, 0.0, 1.0] | box Color[0.5625, 0.28125, 0.0, 1.0]
12 20 Color[0.0, 0.53125, 0.0, 1.0]
12 21 Color[0.0, 0.53125, 0.0, 1.0]
12 22 Color[0.0, 0.53125, 0.0, 1.0] | box Color[0.5625, 0.28125, 0.0, 1.0]
12 23 Color[0.0, 0.53125, 0.0, 1.0]
12 24 Color[0.0, 0.53125, 0.0, 1.0]
12 25 Color[0.0, 0.53125, 0.0, 1.0]
12 26 Color[0.0, 0.53125, 0.0, 1.0]
12 27 Color[0.0, 0.53125, 0.0, 1.0]
12 28 Color[0.0, 0.53125, 0.0, 1.0]
12 29 Color[0.0, 0.53125, 0.0, 1.0]
12 30 Color[0.0, 0.53125, 0.0, 1.0]
12 31 Color[0.0, 0.53125, 0.0, 1.0]
12 32 Color[0.0, 0.53125, 0.0, 1.0]
12 33 Color[0.0, 0.53125, 0.0, 1.0]
12 34 Color[0.0, 0.53125, 0.0, 1.0]
12 35 Color[0.0, 0.53125, 0.0, 1.0]
12 36 Color[0.0, 0.53125, 0.0, 1.0]
12 37 Color[0.0, 0.53125, 0.0, 1.0]
12 38 Color[0.0, 0.53125, 0.0, 1.0]
12 39 Color[0.0, 0.53125, 0.0, 1.0]
12 40 Color[0.0, 0.53125, 0.0, 1.0]
12 41 Color[0.0, 0.53125, 0.0, 1.0]
12 42 Color[0.0, 0.53125, 0.0, 1.0]
12 43 Color[0.0, 0.53125, 0.0, 1.0]
12 44 Color[0.0, 0.53125, 0.0, 1.0]
12 45 Color[0.0, 0.53125, 0.0, 1.0]
12 46 Color[0.0, 0.53125, 0.0, 1.0]
12 47 Color[0.0, 0.53125, 0.0, 1.0]
12 48 Color[0.0, 0.53125, 0.0, 1.0]
12 49 Color[0.0, 0.53125, 0.0, 1.0]
13 0 Color[0.0, 0.53125, 0.0, 1.0]
13 1 Color[0.0, 0.53125, 0.0, 1.0]
13 2 Color[0.0, 0.53125, 0.0, 1.0]
13 3 Color[0.0, 0.53125, 0.0, 1.0]
13 4 Color[0.0, 0.53125, 0.0, 1.0]
13 5 Color[0.0, 0.53125, 0.0, 1.0]
13 6 Color[0.0, 0.53125, 0.0, 1.0]
13 7 Color[0.0, 0.53125, 0.0, 1.0]
13 8 Color[0.0, 0.53125, 0.0, 1.0]
13 9 Color[0.0, 0.53125, 0.0, 1.0]
13 10 Color[0.0, 0.53125, 0.0, 1.0]
13 11 Color[0.0, 0.53125, 0.0, 1.0]
13 12 Color[0.0, 0.53125, 0.0, 1.0]
13 13 Color[0.0, 0.53125, 0.0, 1.0]
13 14 Color[0.0, 0.53125, 0.0, 1.0] | box Color[0.5625, 0.28125, 0.0, 1.0]
13 15 Color[0.0, 0.53125, 0.0, 1.0]
13 16 Color[0.0, 0.53125, 0.0, 1.0]
13 17 Color[0.0, 0.53125, 0.0, 1.0]
13 18 Color[0.0, 0.53125, 0.0, 1.0]
13 19 Color[0.0, 0.53125, 0.0, 1.0]
13 20 Color[0.0, 0.53125, 0.0, 1.0]
13 21 Color[0.0, 0.53125, 0.0, 1.0]
13 22 Color[0.0, 0.53125, 0.0, 1.0]
13 23 Color[0.0, 0.53125, 0.0, 1.0]
13 24 Color[0.0, 0.53125, 0.0, 1.0]
13 25 Color[0.0, 0.53125, 0.0, 1.0]
13 26 Color[0.0, 0.53125, 0.0, 1.0]
13 27 Color[0.0, 0.53125, 0.0, 1.0]
13 28 Color[0.0, 0.53125, 0.0, 1.0]
13 29 Color[0.0, 0.53125, 0.0, 1.0]
13 30 Color[0.0, 0.53125, 0.0, 1.0]
13 31 Color[0.0, 0.53125, 0.0, 1.0]
13 32 Color[0.0, 0.53125, 0.0, 1.0]
13 33 Color[0.0, 0.53125, 0.0, 1.0]
13 34 Color[0.0, 0.53125, 0.0, 1.0]
13 35 Color[0.0, 0.53125, 0.0, 1.0]
13 36 Color[0.0, 0.53125, 0.0, 1.0]
13 37 Color[0.0, 0.53125, 0.0, 1.0]
13 38 Color[0.0, 0.53125, 0.0, 1.0]
13 39 Color[0.0, 0.53125, 0.0, 1.0]
13 40 Color[0.0, 0.53125, 0.0, 1.0]
13 41 Color[0.0, 0.53125, 0.0, 1.0]
13 42 Color[0.0, 0.53125, 0.0, 1.0]
13 43 Color[0.0, 0.53125, 0.0, 1.0]
13 44 Color[0.0, 0.53125, 0.0, 1.0]
13 45 Color[0.0, 0.53125, 0.0, 1.0]
13 46 Color[0.0, 0.53125, 0.0, 1.0]
13 47 Color[0.0, 0.53125, 0.0, 1.0]
13 48 Color[0.0, 0.53125, 0.0, 1.0]
13 49 Color[0.0, 0.53125, 0.0, 1.0]
14 0 Color[0.0, 0.53125, 0.0, 1.0]
14 1 Color[0.0, 0.53125, 0.0, 1.0]
14 2 Color[0.0, 0.53125, 0.0, 1.0]
14 3 Color[0.0, 0.53125, 0.0, 1.0]
14 4 Color[0.0, 0.53125, 0.0, 1.0]
14 5 Color[0.0, 0.53125, 0.0, 1.0]
14 6 Color[0.0, 0.53125, 0.0, 1.0]
14 7 Color[0.0, 0.53125, 0.0, 1.0]
14 8 Color[0.0, 0.53125, 0.0, 1.0]
14 9 Color[0.0, 0.53125, 0.0, 1.0]
14 10 Color[0.0, 0.53125, 0.0, 1.0]
14 11 Color[0.0, 0.53125, 0.0, 1.0]
14 12 Color[0.0, 0.53125, 0.0, 1.0]
14 13 Color[0.0, 0.53125, 0.0, 1.0]
14 14 Color[0.0, 0.53125, 0.0, 1.0]
14 15 Color[0.0, 0.53125, 0.0, 1.0]
14 16 Color[0.0, 0.53125, 0.0, 1.0]
14 17 Color[0.0, 0.53125, 0.0, 1.0]
14 18 Color[0.0, 0.53125, 0.0, 1.0]
14 19 Color[0.0, 0.53125, 0.0, 1.0]
14 20 Color[0.0, 0.53125, 0.0, 1.0]
14 21 Color[0.0, 0.53125, 0.0, 1.0]
14 22 Color[0.0, 0.53125, 0.0, 1.0]
14 23 Color[0.0, 0.53125, 0.0, 1.0]
14 24 Color[0.0, 0.53125, 0.0, 1.0]
14 25 Color[0.0, 0.53125, 0.0, 1.0]
14 26 Color[0.0, 0.53125, 0.0, 1.0]
14 27 Color[0.0, 0.53125, 0.0, 1.0]
14 28 Color[0.0, 0.53125, 0.0, 1.0]
14 29 Color[0.0, 0.53125, 0.0, 1.0]
14 30 Color[0.0, 0.53125, 0.0, 1.0]
14 31 Color[0.0, 0.53125, 0.0, 1.0]
14 32 Color[0.0, 0.53125, 0.0, 1.0]
14 33 Color[0.0, 0.53125, 0.0, 1.0]
14 34 Color[0.0, 0.53125, 0.0, 1.0]
14 35 Color[0.0, 0.53125, 0.0, 1.0]
14 36 Color[0.0, 0.53125, 0.0, 1.0]
14 37 Color[0.0, 0.53125, 0.0, 1.0]
14 38 Color[0.0, 0.53125, 0.0, 1.0]
14 39 Color[0.0, 0.53125, 0.0, 1.0]
14 40 Color[0.0, 0.53125, 0.0, 1.0]
14 41 Color[0.0, 0.53125, 0.0, 1.0]
14 42 Color[0.0, 0.53125, 0.0, 1.0]
14 43 Color[0.0, 0.53125, 0.0, 1.0]
14 44 Color[0.0, 0.53125, 0.0, 1.0]
14 45 Color[0.0, 0.53125, 0.0, 1.0]
14 46 Color[0.0, 0.53125, 0.0, 1.0]
14 47 Color[0.0, 0.53125, 0.0, 1.0]
14 48 Color[0.0, 0.53125, 0.0, 1.0]
14 49 Color[0.0, 0.53125, 0.0, 1.0]
15 0 Color[0.0, 0.53125, 0.0, 1.0]
15 1 Color[0.0, 0.53125, 0.0, 1.0]
15 2 Color[0.0, 0.53125, 0.0, 1.0]
15 3 Color[0.0, 0.53125, 0.0, 1.0]
15 4 Color[0.0, 0.53125, 0.0, 1.0]
15 5 Color[0.0, 0.53125, 0.0, 1.0]
15 6 Color[0.0, 0.53125, 0.0, 1.0]
15 7 Color[0.0, 0.53125, 0.0, 1.0]
15 8 Color[0.0, 0.53125, 0.0, 1.0]
15 9 Color[0.0, 0.53125, 0.0, 1.0]
15 10 Color[0.0, 0.53125, 0.0, 1.0]
15 11 Color[0.0, 0.53125, 0.0, 1.0]
15 12 Color[0.0, 0.53125, 0.0, 1.0] | box Color[0.5625, 0.28125, 0.0, 1.0]
15 13 Color[0.0, 0.53125, 0.0, 1.0]
15 14 Color[0.0, 0.53125, 0.0, 1.0]
15 15 Color[0.0, 0.53125, 0.0, 1.0]
15 16 Color[0.0, 0.53125, 0.0, 1.0]
15 17 Color[0.0, 0.53125, 0.0, 1.0]
15 18 Color[0.0, 0.53125, 0.0, 1.0] | box Color[0.5625, 0.28125, 0.0, 1.0]
15 19 Color[0.0, 0.53125, 0.0, 1.0]
15 20 Color[0.0, 0.53125, 0.0, 1.0]
15 21 Color[0.0, 0.53125, 0.0, 1.0]
15 22 Color[0.0, 0.53125, 0.0, 1.0]
15 23 Color[0.0, 0.53125, 0.0, 1.0]
15 24 Color[0.0, 0.53125, 0.0, 1.0]
15 25 Color[0.0, 0.53125, 0.0, 1.0]
15 26 Color[0.0, 0.53125, 0.0, 1.0]
15 27 Color[0.0, 0.53125, 0.0, 1.0]
15 28 Color[0.0, 0.53125, 0.0, 1.0]
15 29 Color[0.0, 0.53125, 0.0, 1.0]
15 30 Color[0.0, 0.53125, 0.0, 1.0]
15 31 Color[0.0, 0.53125, 0.0, 1.0]
15 32 Color[0.0, 0.53125, 0.0, 1.0]
15 33 Color[0.0, 0.53125, 0.0, 1.0]
15 34 Color[0.0, 0.53125, 0.0, 1.0]
15 35 Color[0.0, 0.53125, 0.0, 1.0]
15 36 Color[0.0, 0.53125, 0.0, 1.0]
15 37 Color[0.0, 0.53125, 0.0, 1.0]
15 38 Color[0.0, 0.53125, 0.0, 1.0]
15 39 Color[0.0, 0.53125, 0.0, 1.0]
15 40 Color[0.0, 0.53125, 0.0, 1.0]
15 41 Color[0.0, 0.53125, 0.0, 1.0]
15 42 Color[0.0, 0.53125, 0.0, 1.0]
15 43 Color[0.0, 0.53125, 0.0, 1.0]
15 44 Color[0.0, 0.53125, 0.0, 1.0]
15 45 Color[0.0, 0.53125, 0.0, 1.0]
15 46 Color[0.0, 0.53125, 0.0, 1.0]
15 47 Color[0.0, 0.53125, 0.0, 1.0]
15 48 Color[0.0, 0.53125, 0.0, 1.0]
15 49 Color[0.0, 0.53125, 0.0, 1.0]
16 0 Color[0.0, 0.53125, 0.0, 1.0]
16 1 Color[0.0, 0.53125, 0.0, 1.0]
16 2 Color[0.0, 0.53125, 0.0, 1.0]
16 3 Color[0.0, 0.53125, 0.0, 1.0]
16 4 Color[0.0, 0.53125, 0.0, 1.0]
16 5 Color[0.0, 0.53125, 0.0, 1.0]
16 6 Color[0.0, 0.53125, 0.0, 1.0]
16 7 Color[0.0, 0.53125, 0.0, 1.0]
16 8 Color[0.0, 0.53125, 0.0, 1.0]
16 9 Color[0.0, 0.53125, 0.0, 1.0]
16 10 Color[0.0, 0.53125, 0.0, 1.0] | box Color[0.5625, 0.28125, 0.0, 1.0]
16 11 Color[0.0, 0.53125, 0.0, 1.0]
16 12 Color[0.0, 0.53125, 0.0, 1.0]
16 13 Color[0.0, 0.53125, 0.0, 1.0]
16 14 Color[0.0, 0.53125, 0.0, 1.0]
16 15 Color[0.0, 0.53125, 0.0, 1.0]
16 16 Color[0.0, 0.53125, 0.0, 1.0]
16 17 Color[0.0, 0.53125, 0.0, 1.0]
16 18 Color[0.0, 0.53125, 0.0, 1.0]
16 19 Color[0.0, 0.53125, 0.0, 1.0]
16 20 Color[0.0, 0.53125, 0.0, 1.0]
16 21 Color[0.0, 0.53125, 0.0, 1.0]
16 22 Color[0.0, 0.53125, 0.0, 1.0]
16 23 Color[0.0, 0.53125, 0.0, 1.0]
16 24 Color[0.0, 0.53125, 0.0, 1.0]
16 25 Color[0.0, 0.53125, 0.0, 1.0]
16 26 Color[0.0, 0.53125, 0.0, 1.0]
16 27 Color[0.0, 0.53125, 0.0, 1.0]
16 28 Color[0.0, 0.53125, 0.0, 1.0]
16 29 Color[0.0, 0.53125, 0.0, 1.0]
16 30 Color[0.0, 0.53125, 0.0, 1.0]
16 31 Color[0.0, 0.53125, 0.0, 1.0]
16 32 Color[0.0, 0.53125, 0.0, 1.0]
16 33 Color[0.0, 0.53125, 0.0, 1.0]
16 34 Color[0.0, 0.53125, 0.0, 1.0]
16 35 Color[0.0, 0.53125, 0.0, 1.0]
16 36 Color[0.0, 0.53125, 0.0, 1.0]
16 37 Color[0.0, 0.53125, 0.0, 1.0]
16 38 Color[0.0, 0.53125, 0.0, 1.0]
16 39 Color[0.0, 0.53125, 0.0, 1.0]
16 40 Color[0.0, 0.53125, 0.0, 1.0]
16 41 Color[0.0, 0.53125, 0.0, 1.0]
16 42 Color[0.0, 0.53125, 0.0, 1.0]
16 43 Color[0.0, 0.53125, 0.0, 1.0]
16 44 Color[0.0, 0.53125, 0.0, 1.0]
16 45 Color[0.0, 0.53125, 0.0, 1.0]
16 46 Color[0.0, 0.53125, 0.0, 1.0]
16 47 Color[0.0, 0.53125, 0.0, 1.0]
16 48 Color[0.0, 0.53125, 0.0, 1.0]
16 49 Color[0.0, 0.53125, 0.0, 1.0]
17 0 Color[0.0, 0.53125, 0.0, 1.0]
17 1 Color[0.0, 0.53125, 0.0, 1.0]
17 2 Color[0.0, 0.53125, 0.0, 1.0]
17 3 Color[0.0, 0.53125, 0.0, 1.0]
17 4 Color[0.0, 0.53125, 0.0, 1.0]
17 5 Color[0.0, 0.53125, 0.0, 1.0]
17 6 Color[0.0, 0.53125, 0.0, 1.0]
17 7 Color[0.0, 0.53125, 0.0, 1.0]
17 8 Color[0.0, 0.53125, 0.0, 1.0]
17 9 Color[0.0, 0.53125, 0.0, 1.0]
17 10 Color[0.0, 0.53125, 0.0, 1.0]
17 11 Color[0.0, 0.53125, 0.0, 1.0]
17 12 Color[0.0, 0.53125, 0.0, 1.0]
17 13 Color[0.0, 0.53125, 0.0, 1.0]
17 14 Color[0.0, 0.53125, 0.0, 1.0]
17 15 Color[0.0, 0.53125, 0.0, 1.0]
17 16 Color[0.0, 0.53125, 0.0, 1.0]
17 17 Color[0.0, 0.53125, 0.0, 1.0]
17 18 Color[0.0, 0.53125, 0.0, 1.0]
17 19 Color[0.0, 0.53125, 0.0, 1.0] | box Color[0.5625, 0.28125, 0.0, 1.0]
17 20 Color[0.0, 0.53125, 0.0, 1.0]
17 21 Color[0.0, 0.53125, 0.0, 1.0]
17 22 Color[0.0, 0.53125, 0.0, 1.0]
17 23 Color[0.0, 0.53125, 0.0, 1.0] | box Color[0.5625, 0.28125, 0.0, 1.0]
17 24 Color[0.0, 0.53125, 0.0, 1.0]
17 25 Color[0.0, 0.53125, 0.0, 1.0]
17 26 Color[0.0, 0.53125, 0.0, 1.0]
17 27 Color[0.0, 0.53125, 0.0, 1.0]
17 28 Color[0.0, 0.53125, 0.0, 1.0]
17 29 Color[0.0, 0.53125, 0.0, 1.0]
17 30 Color[0.0, 0.53125, 0.0, 1.0]
17 31 Color[0.0, 0.53125, 0.0, 1.0]
17 32 Color[0.0, 0.53125, 0.0, 1.0]
17 33 Color[0.0, 0.53125, 0.0, 1.0]
17 34 Color[0.0, 0.53125, 0.0, 1.0]
17 35 Color[0.0, 0.53125, 0.0, 1.0]
17 36 Color[0.0, 0.53125, 0.0, 1.0]
17 37 Color[0.0, 0.53125, 0.0, 1.0]
17 38 Color[0.0, 0.53125, 0.0, 1.0]
17 39 Color[0.0, 0.53125, 0.0, 1.0]
17 40 Color[0.0, 0.53125, 0.0, 1.0]
17 41 Color[0.0, 0.53125, 0.0, 1.0]
17 42 Color[0.0, 0.53125, 0.0, 1.0]
17 43 Color[0.0, 0.53125, 0.0, 1.0]
17 44 Color[0.0, 0.53125, 0.0, 1.0]
17 45 Color[0.0, 0.53125, 0.0, 1.0]
17 46 Color[0.0, 0.53125, 0.0, 1.0]
17 47 Color[0.0, 0.53125, 0.0, 1.0]
17 48 Color[0.0, 0.53125, 0.0, 1.0]
17 49 Color[0.0, 0.53125, 0.0, 1.0]
18 0 Color[0.0, 0.53125, 0.0, 1.0]
18 1 Color[0.0, 0.53125, 0.0, 1.0]
18 2 Color[0.0, 0.53125, 0.0, 1.0]
18 3 Color[0.0, 0.53125, 0.0, 1.0]
18 4 Color[0.0, 0.53125, 0.0, 1.0]
18 5 Color[0.0, 0.53125, 0.0, 1.0]
18 6 Color[0.0, 0.53125, 0.0, 1.0] | box Color[0.5625, 0.28125, 0.0, 1.0]
18 7 Color[0.0, 0.53125, 0.0, 1.0]
18 8 Color[0.0, 0.53125, 0.0, 1.0]
18 9 Color[0.0, 0.53125, 0.0, 1.0]
18 10 Color[0.0, 0.53125, 0.0, 1.0]
18 11 Color[0.0, 0.53125, 0.0, 1.0]
18 12 Color[0.0, 0.53125, 0.0, 1.0]
18 13 Color[0.0, 0.53125, 0.0, 1.0]
18 14 Color[0.0, 0.53125, 0.0, 1.0]
18 15 Color[0.0, 0.53125, 0.0, 1.0]
18 16 Color[0.0, 0.53125, 0.0, 1.0]
18 17 Color[0.0, 0.53125, 0.0, 1.0] | box Color[0.5625, 0.28125, 0.0, 1.0]
18 18 Color[0.0, 0.53125, 0.0, 1.0]
18 19 Color[0.0, 0.53125, 0.0, 1.0]
18 20 Color[0.0, 0.53125, 0.0, 1.0]
18 21 Color[0.0, 0.53125, 0.0, 1.0]
18 22 Color[0.0, 0.53125, 0.0, 1.0]
18 23 Color[0.0, 0.53125, 0.0, 1.0]
18 24 Color[0.0, 0.53125, 0.0, 1.0]
18 25 Color[0.0, 0.53125, 0.0, 1.0]
18 26 Color[0.0, 0.53125, 0.0, 1.0]
18 27 Color[0.0, 0.53125, 0.0, 1.0]
18 28 Color[0.0, 0.53125, 0.0, 1.0]
18 29 Color[0.0, 0.53125, 0.0, 1.0]
18 30 Color[0.0, 0.53125, 0.0, 1.0]
18 31 Color[0.0, 0.53125, 0.0, 1.0]
18 32 Color[0.0, 0.53125, 0.0, 1.0]
18 33 Color[0.0, 0.53125, 0.0, 1.0]
18 34 Color[0.0, 0.53125, 0.0, 1.0]
18 35 Color[0.0, 0.53125, 0.0, 1.0]
18 36 Color[0.0, 0.53125, 0.0, 1.0]
18 37 Color[0.0, 0.53125, 0.0, 1.0]
18 38 Color[0.0, 0.53125, 0.0, 1.0]
18 39 Color[0.0, 0.53125, 0.0, 1.0]
18 40 Color[0.0, 0.53125, 0.0, 1.0]
18 41 Color[0.0, 0.53125, 0.0, 1.0]
18 42 Color[0.0, 0.53125, 0.0, 1.0]
18 43 Color[0.0, 0.53125, 0.0, 1.0]
18 44 Color[0.0, 0.53125, 0.0, 1.0]
18 45 Color[0.0, 0.53125, 0.0, 1.0]
18 46 Color[0.0, 0.53125, 0.0, 1.0]
18 47 Color[0.0, 0.53125, 0.0, 1.0]
18 48 Color[0.0, 0.53125, 0.0, 1.0]
18 49 Color[0.0, 0.53125, 0.0, 1.0]
19 0 Color[0.0, 0.53125, 0.0, 1.0]
19 1 Color[0.0, 0.53125, 0.0, 1.0]
19 2 Color[0.0, 0.53125, 0.0, 1.0]
19 3 Color[0.0, 0.53125, 0.0, 1.0]
19 4 Color[0.0, 0.53125, 0.0, 1.0]
19 5 Color[0.0, 0.53125, 0.0, 1.0]
19 6 Color[0.0, 0.53125, 0.0, 1.0]
19 7 Color[0.0, 0.53125, 0.0, 1.0]
19 8 Color[0.0, 0.53125, 0.0, 1.0]
19 9 Color[0.0, 0.53125, 0.0, 1.0]
19 10 Color[0.0, 0.53125, 0.0, 1.0]
19 11 Color[0.0, 0.53125, 0.0, 1.0]
19 12 Color[0.0, 0.53125, 0.0, 1.0]
19 13 Color[0.0, 0.53125, 0.0, 1.0] | box Color[0.5625, 0.28125, 0.0, 1.0]
19 14 Color[0.0, 0.53125, 0.0, 1.0]
19 15 Color[0.0, 0.53125, 0.0, 1.0]
19 16 Color[0.0, 0.53125, 0.0, 1.0]
19 17 Color[0.0, 0.53125, 0.0, 1.0]
19 18 Color[0.0, 0.53125, 0.0, 1.0]
19 19 Color[0.0, 0.53125, 0.0, 1.0]
19 20 Color[0.0, 0.53125, 0.0, 1.0]
19 21 Color[0.0, 0.53125, 0.0, 1.0]
19 22 Color[0.0, 0.53125, 0.0, 1.0]
19 23 Color[0.0, 0.53125, 0.0, 1.0]
19 24 Color[0.0, 0.53125, 0.0, 1.0]
19 25 Color[0.0, 0.53125, 0.0, 1.0]
19 26 Color[0.0, 0.53125, 0.0, 1.0]
19 27 Color[0.0, 0.53125, 0.0, 1.0]
19 28 Color[0.0, 0.53125, 0.0, 1.0]
19 29 Color[0.0, 0.53125, 0.0, 1.0]
19 30 Color[0.0, 0.53125, 0.0, 1.0]
19 31 Color[0.0, 0.53125, 0.0, 1.0]
19 32 Color[0.0, 0.53125, 0.0, 1.0]
19 33 Color[0.0, 0.53125, 0.0, 1.0]
19 34 Color[0.0, 0.53125, 0.0, 1.0]
19 35 Color[0.0, 0.53125, 0.0, 1.0]
19 36 Color[0.0, 0.53125, 0.0, 1.0]
19 37 Color[0.0, 0.53125, 0.0, 1.0]
19 38 Color[0.0, 0.53125, 0.0, 1.0]
19 39 Color[0.0, 0.53125, 0.0, 1.0]
19 40 Color[0.0, 0.53125, 0.0, 1.0]
19 41 Color[0.0, 0.53125, 0.0, 1.0]
19 42 Color[0.0, 0.53125, 0.0, 1.0]
19 43 Color[0.0, 0.53125, 0.0, 1.0]
19 44 Color[0.0, 0.53125, 0.0, 1.0]
19 45 Color[0.0, 0.53125, 0.0, 1.0]
19 46 Color[0.0, 0.53125, 0.0, 1.0]
19 47 Color[0.0, 0.53125, 0.0, 1.0]
19 48 Color[0.0, 0.53125, 0.0, 1.0]
19 49 Color[0.0, 0.53125, 0.0, 1.0]
20 0 Color[0.0, 0.53125, 0.0, 1.0]
20 1 Color[0.0, 0.53125, 0.0, 1.0]
20 2 Color[0.0, 0.53125, 0.0, 1.0]
20 3 Color[0.0, 0.53125, 0.0, 1.0]
20 4 Color[0.0, 0.53125, 0.0, 1.0]
20 5 Color[0.0, 0.53125, 0.0, 1.0]
20 6 Color[0.0, 0.53125, 0.0, 1.0]
20 7 Color[0.0, 0.53125, 0.0, 1.0]
20 8 Color[0.0, 0.53125, 0.0, 1.0]
20 9 Color[0.0, 0.53125, 0.0, 1.0]
20 10 Color[0.0, 0.53125, 0.0, 1.0]
20 11 Color[0.0, 0.53125, 0.0, 1.0]
20 12 Color[0.0, 0.53125, 0.0, 1.0]
20 13 Color[0.0, 0.53125, 0.0, 1.0]
20 14 Color[0.0, 0.53125, 0.0, 1.0]
20 15 Color[0.0, 0.53125, 0.0, 1.0]
20 16 Color[0.0, 0.53125, 0.0, 1.0]
20 17 Color[0.0, 0.53125, 0.0, 1.0]
20 18 Color[0.0, 0.53125, 0.0, 1.0]
20 19 Color[0.0, 0.53125, 0.0, 1.0]
20 20 Color[0.0, 0.53125, 0.0, 1.0]
20 21 Color[0.0, 0.53125, 0.0, 1.0]
20 22 Color[0.0, 0.53125, 0.0, 1.0]
20 23 Color[0.0, 0.53125, 0.0, 1.0]
20 24 Color[0.0, 0.53125, 0.0, 1.0]
20 25 Color[0.0, 0.53125, 0.0, 1.0]
20 26 Color[0.0, 0.53125, 0.0, 1.0]
20 27 Color[0.0, 0.53125, 0.0, 1.0]
20 28 Color[0.0, 0.53125, 0.0, 1.0]
20 29 Color[0.0, 0.53125, 0.0, 1.0]
20 30 Color[0.0, 0.53125, 0.0, 1.0]
20 31 Color[0.0, 0.53125, 0.0, 1.0]
20 32 Color[0.0, 0.53125, 0.0, 1.0]
20 33 Color[0.0, 0.53125, 0.0, 1.0]
20 34 Color[0.0, 0.53125, 0.0, 1.0]
20 35 Color[0.0, 0.53125, 0.0, 1.0]
20 36 Color[0.0, 0.53125, 0.0, 1.0]
20 37 Color[1.0, 1.0, 1.0, 1.0]
20 38 Color[0.0, 0.53125, 0.0, 1.0]
20 39 Color[0.0, 0.53125, 0.0, 1.0]
20 40 Color[0.0, 0.53125, 0.0, 1.0]
20 41 Color[0.0, 0.53125, 0.0, 1.0]
20 42 Color[0.0, 0.53125, 0.0, 1.0]
20 43 Color[0.0, 0.53125, 0.0, 1.0]
20 44 Color[0.0, 0.53125, 0.0, 1.0]
20 45 Color[0.0, 0.53125, 0.0, 1.0]
20 46 Color[0.0, 0.53125, 0.0, 1.0]
20 47 Color[0.0, 0.53125, 0.0, 1.0]
20 48 Color[0.0, 0.53125, 0.0, 1.0]
20 49 Color[0.0, 0.53125, 0.0, 1.0]
21 0 Color[0.0, 0.53125, 0.0, 1.0]
21 1 Color[0.0, 0.53125, 0.0, 1.0]
21 2 Color[0.0, 0.53125, 0.0, 1.0]
21 3 Color[0.0, 0.53125, 0.0, 1.0]
21 4 Color[0.0, 0.53125, 0.0, 1.0]
21 5 Color[0.0, 0.53125, 0.0, 1.0]
21 6 Color[0.0, 0.53125, 0.0, 1.0]
21 7 Color[0.0, 0.53125, 0.0, 1.0]
21 8 Color[0.0, 0.53125, 0.0, 1.0]
21 9 Color[0.0, 0.53125, 0.0, 1.0]
21 10 Color[0.0, 0.53125, 0.0, 1.0]
21 11 Color[0.0, 0.53125, 0.0, 1.0]
21 12 Color[0.0, 0.53125, 0.0, 1.0]
21 13 Color[0.0, 0.53125, 0.0, 1.0]
21 14 Color[0.0, 0.53125, 0.0, 1.0]
21 15 Color[0.0, 0.53125, 0.0, 1.0] | box Color[0.5625, 0.28125, 0.0, 1.0]
21 16 Color[0.0, 0.53125, 0.0, 1.0]
21 17 Color[0.0, 0.53125, 0.0, 1.0]
21 18 Color[0.0, 0.53125, 0.0, 1.0]
21 19 Color[0.0, 0.53125, 0.0, 1.0]
21 20 Color[0.0, 0.53125, 0.0, 1.0]
21 21 Color[0.0, 0.53125, 0.0, 1.0]
21 22 Color[0.0, 0.53125, 0.0, 1.0]
21 23 Color[0.0, 0.53125, 0.0, 1.0]
21 24 Color[0.0, 0.53125, 0.0, 1.0]
21 25 Color[0.0, 0.53125, 0.0, 1.0]
21 26 Color[0.0, 0.53125, 0.0, 1.0]
21 27 Color[0.0, 0.53125, 0.0, 1.0]
21 28 Color[0.0, 0.53125, 0.0, 1.0]
21 29 Color[0.0, 0.53125, 0.0, 1.0]
21 30 Color[0.0, 0.53125, 0.0, 1.0]
21 31 Color[0.0, 0.53125, 0.0, 1.0]
21 32 Color[0.0, 0.53125, 0.0, 1.0]
21 33 Color[0.0, 0.53125, 0.0, 1.0]
21 34 Color[0.0, 0.53125, 0.0, 1.0]
21 35 Color[0.0, 0.53125, 0.0, 1.0]
21 36 Color[0.0, 0.53125, 0.0, 1.0]
21 37 Color[1.0, 1.0, 1.0, 1.0]
21 38 Color[0.0, 0.53125, 0.0, 1.0]
21 39 Color[0.0, 0.53125, 0.0, 1.0]
21 40 Color[0.0, 0.53125, 0.0, 1.0]
21 41 Color[0.0, 0.53125, 0.0, 1.0]
21 42 Color[0.0, 0.53125, 0.0, 1.0]
21 43 Color[0.0, 0.53125, 0.0, 1.0]
21 44 Color[0.0, 0.53125, 0.0, 1.0]
21 45 Color[0.0, 0.53125, 0.0, 1.0]
21 46 Color[0.0, 0.53125, 0.0, 1.0]
21 47 Color[0.0, 0.53125, 0.0, 1.0]
21 48 Color[0.0, 0.53125, 0.0, 1.0]
21 49 Color[0.0, 0.53125, 0.0, 1.0]
22 0 Color[0.0, 0.53125, 0.0, 1.0]
22 1 Color[0.0, 0.53125, 0.0, 1.0]
22 2 Color[0.0, 0.53125, 0.0, 1.0]
22 3 Color[0.0, 0.53125, 0.0, 1.0]
22 4 Color[0.0, 0.53125, 0.0, 1.0]
22 5 Color[0.0, 0.53125, 0.0, 1.0]
22 6 Color[0.0, 0.53125, 0.0, 1.0]
22 7 Color[0.0, 0.53125, 0.0, 1.0]
22 8 Color[0.0, 0.53125, 0.0, 1.0]
22 9 Color[0.0, 0.53125, 0.0, 1.0]
22 10 Color[0.0, 0.53125, 0.0, 1.0]
22 11 Color[0.0, 0.53125, 0.0, 1.0]
22 12 Color[0.0, 0.53125, 0.0, 1.0]
22 13 Color[0.0, 0.53125, 0.0, 1.0] | box Color[0.5625, 0.28125, 0.0, 1.0]
22 14 Color[0.0, 0.53125, 0.0, 1.0]
22 15 Color[0.0, 0.53125, 0.0, 1.0]
22 16 Color[0.0, 0.53125, 0.0, 1.0]
22 17 Color[0.0, 0.53125, 0.0, 1.0]
22 18 Color[0.0, 0.53125, 0.0, 1.0]
22 19 Color[0.0, 0.53125, 0.0, 1.0]
22 20 Color[0.0, 0.53125, 0.0, 1.0]
22 21 Color[0.0, 0.53125, 0.0, 1.0]
22 22 Color[0.0, 0.53125, 0.0, 1.0]
22 23 Color[0.0, 0.53125, 0.0, 1.0]
22 24 Color[0.0, 0.53125, 0.0, 1.0]
22 25 Color[0.0, 0.53125, 0.0, 1.0]
22 26 Color[0.0, 0.53125, 0.0, 1.0]
22 27 Color[0.0, 0.53125, 0.0, 1.0]
22 28 Color[0.0, 0.53125, 0.0, 1.0]
22 29 Color[0.0, 0.53125, 0.0, 1.0]
22 30 Color[0.0, 0.53125, 0.0, 1.0]
22 31 Color[0.0, 0.53125, 0.0, 1.0]
22 32 Color[0.0, 0.53125, 0.0, 1.0]
22 33 Color[0.0, 0.53125, 0.0, 1.0]
22 34 Color[0.0, 0.53125, 0.0, 1.0]
22 35 Color[0.0, 0.53125, 0.0, 1.0]
22 36 Color[0.0, 0.53125, 0.0, 1.0]
22 37 Color[0.0, 0.53125, 0.0, 1.0]
22 38 Color[0.0, 0.53125, 0.0, 1.0]
22 39 Color[0.0, 0.53125, 0.0, 1.0]
22 40 Color[0.0, 0.53125, 0.0, 1.0]
22 41 Color[0.0, 0.53125, 0.0, 1.0]
22 42 Color[0.0, 0.53125, 0.0, 1.0]
22 43 Color[0.0, 0.53125, 0.0, 1.0]
22 44 Color[0.0, 0.53125, 0.0, 1.0]
22 45 Color[0.0, 0.53125, 0.0, 1.0]
22 46 Color[0.0, 0.53125, 0.0, 1.0]
22 47 Color[0.0, 0.53125, 0.0, 1.0]
22 48 Color[0.0, 0.53125, 0.0, 1.0]
22 49 Color[0.0, 0.53125, 0.0, 1.0]
23 0 Color[0.0, 0.53125, 0.0, 1.0]
23 1 Color[0.0, 0.53125, 0.0, 1.0]
23 2 Color[0.0, 0.53125, 0.0, 1.0]
23 3 Color[0.0, 0.53125, 0.0, 1.0]
23 4 Color[0.0, 0.53125, 0.0, 1.0]
23 5 Color[0.0, 0.53125, 0.0, 1.0]
23 6 Color[0.0, 0.53125, 0.0, 1.0]
23 7 Color[0.0, 0.53125, 0.0, 1.0]
23 8 Color[0.0, 0.53125, 0.0, 1.0]
23 9 Color[0.0, 0.53125, 0.0, 1.0]
23 10 Color[0.0, 0.53125, 0.0, 1.0] | box Color[0.5625, 0.28125, 0.0, 1.0]
23 11 Color[0.0, 0.53125, 0.0, 1.0]
23 12 Color[0.0, 0.53125, 0.0, 1.0]
23 13 Color[0.0, 0.53125, 0.0, 1.0]
23 14 Color[0.0, 0.53125, 0.0, 1.0]
23 15 Color[0.0, 0.53125, 0.0, 1.0]
23 16 Color[0.0, 0.53125, 0.0, 1.0]
23 17 Color[0.0, 0.53125, 0.0, 1.0]
23 18 Color[0.0, 0.53125, 0.0, 1.0]
23 19 Color[0.0, 0.53125, 0.0, 1.0]
23 20 Color[0.0, 0.53125, 0.0, 1.0]
23 21 Color[0.0, 0.53125, 0.0, 1.0]
23 22 Color[0.0, 0.53125, 0.0, 1.0] | box Color[0.5625, 0.28125, 0.0, 1.0]
23 23 Color[0.0, 0.53125, 0.0, 1.0]
23 24 Color[0.0, 0.53125, 0.0, 1.0]
23 25 Color[0.0, 0.53125, 0.0, 1.0]
23 26 Color[0.0, 0.53125, 0.0, 1.0]
23 27 Color[0.0, 0.53125, 0.0, 1.0]
23 28 Color[0.0, 0.53125, 0.0, 1.0]
23 29 Color[0.0, 0.53125, 0.0, 1.0]
23 30 Color[0.0, 0.53125, 0.0, 1.0]
23 31 Color[0.0, 0.53125, 0.0, 1.0]
23 32 Color[0.0, 0.53125, 0.0, 1.0]
23 33 Color[0.0, 0.53125, 0.0, 1.0]
23 34 Color[0.0, 0.53125, 0.0, 1.0]
23 35 Color[0.0, 0.53125, 0.0, 1.0]
23 36 Color[0.0, 0.53125, 0.0, 1.0]
23 37 Color[0.0, 0.53125, 0.0, 1.0]
23 38 Color[0.0, 0.53125, 0.0, 1.0]
23 39 Color[0.0, 0.53125, 0.0, 1.0]
23 40 Color[0.0, 0.53125, 0.0, 1.0]
23 41 Color[0.0, 0.53125, 0.0, 1.0]
23 42 Color[0.0, 0.53125, 0.0, 1.0]
23 43 Color[0.0, 0.53125, 0.0, 1.0]
23 44 Color[0.0, 0.53125, 0.0, 1.0]
23 45 Color[0.0, 0.53125, 0.0, 1.0]
23 46 Color[0.0, 0.53125, 0.0, 1.0]
23 47 Color[0.0, 0.53125, 0.0, 1.0]
23 48 Color[0.0, 0.53125, 0.0, 1.0]
23 49 Color[0.0, 0.53125, 0.0, 1.0]
24 0 Color[0.0, 0.53125, 0.0, 1.0]
24 1 Color[0.0, 0.53125, 0.0, 1.0]
24 2 Color[0.0, 0.53125, 0.0, 1.0]
24 3 Color[0.0, 0.53125, 0.0, 1.0]
24 4 Color[0.0, 0.53125, 0.0, 1.0]
24 5 Color[0.0, 0.53125, 0.0, 1.0]
24 6 Color[0.0, 0.53125, 0.0, 1.0]
24 7 Color[0.0, 0.53125, 0.0, 1.0]
24 8 Color[0.0, 0.53125, 0.0, 1.0]
24 9 Color[0.0, 0.53125, 0.0, 1.0] | box Color[0.5625, 0.28125, 0.0, 1.0]
24 10 Color[0.0, 0.53125, 0.0, 1.0]
24 11 Color[0.0, 0.53125, 0.0, 1.0]
24 12 Color[0.0, 0.53125, 0.0, 1.0]
24 13 Color[0.0, 0.53125, 0.0, 1.0]
24 14 Color[0.0, 0.53125, 0.0, 1.0]
24 15 Color[0.0, 0.53125, 0.0, 1.0]
24 16 Color[0.0, 0.53125, 0.0, 1.0]
24 17 Color[0.0, 0.53125, 0.0, 1.0]
24 18 Color[0.0, 0.53125, 0.0, 1.0]
24 19 Color[0.0, 0.53125, 0.0, 1.0] | box Color[0.5625, 0.28125, 0.0, 1.0]
24 20 Color[0.0, 0.53125, 0.0, 1.0]
24 21 Color[0.0, 0.53125, 0.0, 1.0]
24 22 Color[0.0, 0.53125, 0.0, 1.0]
24 23 Color[0.0, 0.53125, 0.0, 1.0]
24 24 Color[0.0, 0.53125, 0.0, 1.0]
24 25 Color[0.0, 0.53125, 0.0, 1.0]
24 26 Color[0.0, 0.53125, 0.0, 1.0]
24 27 Color[0.0, 0.53125, 0.0, 1.0]
24 28 Color[0.0, 0.53125, 0.0, 1.0]
24 29 Color[0.0, 0.53125, 0.0, 1.0]
24 30 Color[0.0, 0.53125, 0.0, 1.0]
24 31 Color[0.0, 0.53125, 0.0, 1.0]
24 32 Color[0.0, 0.53125, 0.0, 1.0]
24 33 Color[0.0, 0.53125, 0.0, 1.0]
24 34 Color[0.0, 0.53125, 0.0, 1.0]
24 35 Color[0.0, 0.53125, 0.0, 1.0]
24 36 Color[0.0, 0.53125, 0.0, 1.0]
24 37 Color[0.0, 0.53125, 0.0, 1.0]
24 38 Color[0.0, 0.53125, 0.0, 1.0]
24 39 Color[0.0, 0.53125, 0.0, 1.0]
24 40 Color[0.0, 0.53125, 0.0, 1.0]
24 41 Color[0.0, 0.53125, 0.0, 1.0]
24 42 Color[0.0, 0.53125, 0.0, 1.0]
24 43 Color[0.0, 0.53125, 0.0, 1.0]
24 44 Color[0.0, 0.53125, 0.0, 1.0]
24 45 Color[0.0, 0.53125, 0.0, 1.0]
24 46 Color[0.0, 0.53125, 0.0, 1.0]
24 47 Color[0.0, 0.53125, 0.0, 1.0]
24 48 Color[0.0, 0.53125, 0.0, 1.0]
24 49 Color[0.0, 0.53125, 0.0, 1.0]
25 0 Color[0.0, 0.53125, 0.0, 1.0]
25 1 Color[0.0, 0.53125, 0.0, 1.0]
25 2 Color[0.0, 0.53125, 0.0, 1.0]
25 3 Color[0.0, 0.53125, 0.0, 1.0]
25 4 Color[0.0, 0.53125, 0.0, 1.0]
25 5 Color[0.0, 0.53125, 0.0, 1.0]
25 6 Color[0.0, 0.53125, 0.0, 1.0]
25 7 Color[0.0, 0.53125, 0.0, 1.0]
25 8 Color[0.0, 0.53125, 0.0, 1.0]
25 9 Color[0.0, 0.53125, 0.0, 1.0]
25 10 Color[0.0, 0.53125, 0.0, 1.0]
25 11 Color[0.0, 0.53125, 0.0, 1.0]
25 12 Color[0.0, 0.53125, 0.0, 1.0]
25 13 Color[0.0, 0.53125, 0.0, 1.0]
25 14 Color[0.0, 0.53125, 0.0, 1.0]
25 15 Color[0.0, 0.53125, 0.0, 1.0]
25 16 Color[0.0, 0.53125, 0.0, 1.0]
25 17 Color[0.0, 0.53125, 0.0, 1.0]
25 18 Color[0.0, 0.53125, 0.0, 1.0]
25 19 Color[0.0, 0.53125, 0.0, 1.0]
25 20 Color[0.0, 0.53125, 0.0, 1.0]
25 21 Color[0.0, 0.53125, 0.0, 1.0]
25 22 Color[0.0, 0.53125, 0.0, 1.0]
25 23 Color[0.0, 0.53125, 0.0, 1.0]
25 24 Color[0.0, 0.53125, 0.0, 1.0]
25 25 Color[0.0, 0.53125, 0.0, 1.0]
25 26 Color[0.0, 0.53125, 0.0, 1.0]
25 27 Color[0.0, 0.53125, 0.0, 1.0]
25 28 Color[0.0, 0.53125, 0.0, 1.0]
25 29 Color[0.0, 0.53125, 0.0, 1.0]
25 30 Color[0.0, 0.53125, 0.0, 1.0]
25 31 Color[0.0, 0.53125, 0.0, 1.0]
25 32 Color[0.0, 0.53125, 0.0, 1.0]
25 33 Color[0.0, 0.53125, 0.0, 1.0]
25 34 Color[0.0, 0.53125, 0.0, 1.0]
25 35 Color[0.0, 0.53125, 0.0, 1.0]
25 36 Color[0.0, 0.53125, 0.0, 1.0]
25 37 Color[0.0, 0.53125, 0.0, 1.0]
25 38 Color[0.0, 0.53125, 0.0, 1.0]
25 39 Color[0.0, 0.53125, 0.0, 1.0]
25 40 Color[0.0, 0.53125, 0.0, 1.0]
25 41 Color[0.0, 0.53125, 0.0, 1.0]
25 42 Color[0.0, 0.53125, 0.0, 1.0]
25 43 Color[0.0, 0.53125, 0.0, 1.0]
25 44 Color[0.0, 0.53125, 0.0, 1.0]
25 45 Color[0.0, 0.53125, 0.0, 1.0]
25 46 Color[0.0, 0.53125, 0.0, 1.0]
25 47 Color[0.0, 0.53125, 0.0, 1.0]
25 48 Color[0.0, 0.53125, 0.0, 1.0]
25 49 Color[0.0, 0.53125, 0.0, 1.0]
26 0 Color[0.0, 0.53125, 0.0, 1.0]
26 1 Color[0.0, 0.53125, 0.0, 1.0]
26 2 Color[0.0, 0.53125, 0.0, 1.0]
26 3 Color[0.0, 0.53125, 0.0, 1.0]
26 4 Color[0.0, 0.53125, 0.0, 1.0]
26 5 Color[0.0, 0.53125, 0.0, 1.0]
26 6 Color[0.0, 0.53125, 0.0, 1.0]
26 7 Color[0.0, 0.53125, 0.0, 1.0]
26 8 Color[0.0, 0.53125, 0.0, 1.0]
26 9 Color[0.0, 0.53125, 0.0, 1.0]
26 10 Color[0.0, 0.53125, 0.0, 1.0]
26 11 Color[0.0, 0.53125, 0.0, 1.0]
26 12 Color[0.0, 0.53125, 0.0, 1.0]
26 13 Color[0.0, 0.53125, 0.0, 1.0]
26 14 Color[0.0, 0.53125, 0.0, 1.0]
26 15 Color[0.0, 0.53125, 0.0, 1.0]
26 16 Color[0.0, 0.53125, 0.0, 1.0]
26 17 Color[0.0, 0.53125, 0.0, 1.0]
26 18 Color[0.0, 0.53125, 0.0, 1.0]
26 19 Color[0.0, 0.53125, 0.0, 1.0]
26 20 Color[0.0, 0.53125, 0.0, 1.0]
26 21 Color[0.0, 0.53125, 0.0, 1.0]
26 22 Color[0.0, 0.53125, 0.0, 1.0]
26 23 Color[0.0, 0.53125, 0.0, 1.0]
26 24 Color[0.0, 0.53125, 0.0, 1.0]
26 25 Color[0.0, 0.53125, 0.0, 1.0]
26 26 Color[0.0, 0.53125, 0.0, 1.0]
26 27 Color[0.0, 0.53125, 0.0, 1.0]
26 28 Color[0.0, 0.53125, 0.0, 1.0]
26 29 Color[0.0, 0.53125, 0.0, 1.0]
26 30 Color[0.0, 0.53125, 0.0, 1.0]
26 31 Color[0.0, 0.53125, 0.0, 1.0]
26 32 Color[0.0, 0.53125, 0.0, 1.0]
26 33 Color[0.0, 0.53125, 0.0, 1.0]
26 34 Color[0.0, 0.53125, 0.0, 1.0]
26 35 Color[0.0, 0.53125, 0.0, 1.0]
26 36 Color[0.0, 0.53125, 0.0, 1.0]
26 37 Color[0.0, 0.53125, 0.0, 1.0]
26 38 Color[0.0, 0.53125, 0.0, 1.0]
26 39 Color[0.0, 0.53125, 0.0, 1.0]
26 40 Color[0.0, 0.53125, 0.0, 1.0]
26 41 Color[0.0, 0.53125, 0.0, 1.0]
26 42 Color[0.0, 0.53125, 0.0, 1.0]
26 43 Color[0.0, 0.53125, 0.0, 1.0]
26 44 Color[0.0, 0.53125, 0.0, 1.0]
26 45 Color[0.0, 0.53125, 0.0, 1.0]
26 46 Color[0.0, 0.53125, 0.0, 1.0]
26 47 Color[0.0, 0.53125, 0.0, 1.0]
26 48 Color[0.0, 0.53125, 0.0, 1.0]
26 49 Color[0.0, 0.53125, 0.0, 1.0]
27 0 Color[0.0, 0.53125, 0.0, 1.0]
27 1 Color[0.0, 0.53125, 0.0, 1.0]
27 2 Color[0.0, 0.53125, 0.0, 1.0]
27 3 Color[0.0, 0.53125, 0.0, 1.0]
27 4 Color[0.0, 0.53125, 0.0, 1.0]
27 5 Color[0.0, 0.53125, 0.0, 1.0]
27 6 Color[0.0, 0.53125, 0.0, 1.0]
27 7 Color[0.0, 0.53125, 0.0, 1.0]
27 8 Color[0.0, 0.53125, 0.0, 1.0]
27 9 Color[0.0, 0.53125, 0.0, 1.0]
27 10 Color[0.0, 0.53125, 0.0, 1.0]
27 11 Color[0.0, 0.53125, 0.0, 1.0]
27 12 Color[0.0, 0.53125, 0.0, 1.0]
27 13 Color[0.0, 0.53125, 0.0, 1.0]
27 14 Color[0.0, 0.53125, 0.0, 1.0]
27 15 Color[0.0, 0.53125, 0.0, 1.0]
27 16 Color[0.0, 0.53125, 0.0, 1.0]
27 17 Color[0.0, 0.53125, 0.0, 1.0]
27 18 Color[0.0, 0.53125, 0.0, 1.0]
27 19 Color[0.0, 0.53125, 0.0, 1.0]
27 20 Color[0.0, 0.53125, 0.0, 1.0]
27 21 Color[0.0, 0.53125, 0.0, 1.0]
27 22 Color[0.0, 0.53125, 0.0, 1.0]
27 23 Color[0.0, 0.53125, 0.0, 1.0]
27 24 Color[0.0, 0.53125, 0.0, 1.0]
27 25 Color[0.0, 0.53125, 0.0, 1.0]
27 26 Color[0.0, 0.53125, 0.0, 1.0]
27 27 Color[0.0, 0.53125, 0.0, 1.0]
27 28 Color[0.0, 0.53125, 0.0, 1.0]
27 29 Color[0.0, 0.53125, 0.0, 1.0]
27 30 Color[0.0, 0.53125, 0.0, 1.0]
27 31 Color[0.0, 0.53125, 0.0, 1.0]
27 32 Color[0.0, 0.53125, 0.0, 1.0]
27 33 Color[0.0, 0.53125, 0.0, 1.0]
27 34 Color[0.0, 0.53125, 0.0, 1.0]
27 35 Color[0.0, 0.53125, 0.0, 1.0]
27 36 Color[0.0, 0.53125, 0.0, 1.0]
27 37 Color[0.0, 0.53125, 0.0, 1.0]
27 38 Color[0.0, 0.53125, 0.0, 1.0]
27 39 Color[0.0, 0.53125, 0.0, 1.0]
27 40 Color[0.0, 0.53125, 0.0, 1.0]
27 41 Color[0.0, 0.53125, 0.0, 1.0]
27 42 Color[0.0, 0.53125, 0.0, 1.0]
27 43 Color[0.0, 0.53125, 0.0, 1.0]
27 44 Color[0.0, 0.53125, 0.0, 1.0]
27 45 Color[0.0, 0.53125, 0.0, 1.0]
27 46 Color[0.0, 0.53125, 0.0, 1.0]
27 47 Color[0.0, 0.53125, 0.0, 1.0]
27 48 Color[0.0, 0.53125, 0.0, 1.0]
27 49 Color[0.0, 0.53125, 0.0, 1.0]
28 0 Color[0.0, 0.53125, 0.0, 1.0]
28 1 Color[0.0, 0.53125, 0.0, 1.0]
28 2 Color[0.0, 0.53125, 0.0, 1.0]
28 3 Color[0.0, 0.53125, 0.0, 1.0]
28 4 Color[0.0, 0.53125, 0.0, 1.0]
28 5 Color[0.0, 0.53125, 0.0, 1.0]
28 6 Color[0.0, 0.53125, 0.0, 1.0]
28 7 Color[0.0, 0.53125, 0.0, 1.0]
28 8 Color[0.0, 0.53125, 0.0, 1.0]
28 9 Color[0.0, 0.53125, 0.0, 1.0]
28 10 Color[0.0, 0.53125, 0.0, 1.0]
28 11 Color[0.0, 0.53125, 0.0, 1.0]
28 12 Color[0.0, 0.53125, 0.0, 1.0]
28 13 Color[0.0, 0.53125, 0.0, 1.0]
28 14 Color[0.0, 0.53125, 0.0, 1.0]
28 15 Color[0.0, 0.53125, 0.0, 1.0]
28 16 Color[0.0, 0.53125, 0.0, 1.0]
28 17 Color[0.0, 0.53125, 0.0, 1.0]
28 18 Color[0.0, 0.53125, 0.0, 1.0]
28 19 Color[0.0, 0.53125, 0.0, 1.0]
28 20 Color[0.0, 0.53125, 0.0, 1.0]
28 21 Color[0.0, 0.53125, 0.0, 1.0]
28 22 Color[0.0, 0.53125, 0.0, 1.0]
28 23 Color[0.0, 0.53125, 0.0, 1.0]
28 24 Color[0.0, 0.53125, 0.0, 1.0]
28 25 Color[0.0, 0.53125, 0.0, 1.0]
28 26 Color[0.0, 0.53125, 0.0, 1.0]
28 27 Color[0.0, 0.53125, 0.0, 1.0]
28 28 Color[0.0, 0.53125, 0.0, 1.0]
28 29 Color[0.0, 0.53125, 0.0, 1.0]
28 30 Color[0.0, 0.53125, 0.0, 1.0]
28 31 Color[0.0, 0.53125, 0.0, 1.0]
28 32 Color[0.0, 0.53125, 0.0, 1.0]
28 33 Color[0.0, 0.53125, 0.0, 1.0]
28 34 Color[0.0, 0.53125, 0.0, 1.0]
28 35 Color[0.0, 0.53125, 0.0, 1.0]
28 36 Color[0.0, 0.53125, 0.0, 1.0]
28 37 Color[0.0, 0.53125, 0.0, 1.0]
28 38 Color[0.0, 0.53125, 0.0, 1.0]
28 39 Color[0.0, 0.53125, 0.0, 1.0]
28 40 Color[0.0, 0.53125, 0.0, 1.0]
28 41 Color[0.0, 0.53125, 0.0, 1.0]
28 42 Color[0.0, 0.53125, 0.0, 1.0]
28 43 Color[0.0, 0.53125, 0.0, 1.0]
28 44 Color[0.0, 0.53125, 0.0, 1.0]
28 45 Color[0.0, 0.53125, 0.0, 1.0]
28 46 Color[0.0, 0.53125, 0.0, 1.0]
28 47 Color[0.0, 0.53125, 0.0, 1.0]
28 48 Color[0.0, 0.53125, 0.0, 1.0]
28 49 Color[0.0, 0.53125, 0.0, 1.0]
29 0 Color[0.0, 0.53125, 0.0, 1.0]
29 1 Color[0.0, 0.53125, 0.0, 1.0]
29 2 Color[0.0, 0.53125, 0.0, 1.0]
29 3 Color[0.0, 0.53125, 0.0, 1.0]
29 4 Color[0.0, 0.53125, 0.0, 1.0]
29 5 Color[0.0, 0.53125, 0.0, 1.0]
29 6 Color[0.0, 0.53125, 0.0, 1.0]
29 7 Color[0.0, 0.53125, 0.0, 1.0]
29 8 Color[0.0, 0.53125, 0.0, 1.0]
29 9 Color[0.0, 0.53125, 0.0, 1.0]
29 10 Color[0.0, 0.53125, 0.0, 1.0]
29 11 Color[0.0, 0.53125, 0.0, 1.0]
29 12 Color[0.0, 0.53125, 0.0, 1.0]
29 13 Color[0.0, 0.53125, 0.0, 1.0]
29 14 Color[0.0, 0.53125, 0.0, 1.0]
29 15 Color[0.0, 0.53125, 0.0, 1.0]
29 16 Color[0.0, 0.53125, 0.0, 1.0]
29 17 Color[0.0, 0.53125, 0.0, 1.0]
29 18 Color[0.0, 0.53125, 0.0, 1.0]
29 19 Color[0.0, 0.53125, 0.0, 1.0]
29 20 Color[0.0, 0.53125, 0.0, 1.0]
29 21 Color[0.0, 0.53125, 0.0, 1.0]
29 22 Color[0.0, 0.53125, 0.0, 1.0]
29 23 Color[0.0, 0.53125, 0.0, 1.0]
29 24 Color[0.5, 0.5, 0.5, 1.0]
29 25 Color[0.5, 0.5, 0.5, 1.0]
29 26 Color[0.5, 0.5, 0.5, 1.0]
29 27 Color[0.0, 0.53125, 0.0, 1.0]
29 28 Color[0.0, 0.53125, 0.0, 1.0]
29 29 Color[0.0, 0.53125, 0.0, 1.0]
29 30 Color[0.0, 0.53125, 0.0, 1.0]
29 31 Color[0.0, 0.53125, 0.0, 1.0]
29 32 Color[0.0, 0.53125, 0.0, 1.0]
29 33 Color[0.0, 0.53125, 0.0, 1.0]
29 34 Color[0.0, 0.53125, 0.0, 1.0]
29 35 Color[0.0, 0.53125, 0.0, 1.0]
29 36 Color[0.0, 0.53125, 0.0, 1.0]
29 37 Color[0.0, 0.53125, 0.0, 1.0]
29 38 Color[0.0, 0.53125, 0.0, 1.0]
29 39 Color[0.0, 0.53125, 0.0, 1.0]
29 40 Color[0.0, 0.53125, 0.0, 1.0]
29 41 Color[0.0, 0.53125, 0.0, 1.0]
29 42 Color[0.0, 0.53125, 0.0, 1.0]
29 43 Color[0.0, 0.53125, 0.0, 1.0]
29 44 Color[0.0, 0.53125, 0.0, 1.0]
29 45 Color[0.0, 0.53125, 0.0, 1.0]
29 46 Color[0.0, 0.53125, 0.0, 1.0]
29 47 Color[0.0, 0.53125, 0.0, 1.0]
29 48 Color[0.0, 0.53125, 0.0, 1.0]
29 49 Color[0.0, 0.53125, 0.0, 1.0]
30 0 Color[0.0, 0.53125, 0.0, 1.0]
30 1 Color[0.0, 0.53125, 0.0, 1.0]
30 2 Color[0.25, 0.25, 0.25, 1.0]
30 3 Color[0.25, 0.25, 0.25, 1.0]
30 4 Color[0.25, 0.25, 0.25, 1.0]
30 5 Color[0.25, 0.25, 0.25, 1.0]
30 6 Color[0.25, 0.25, 0.25, 1.0]
30 7 Color[0.25, 0.25, 0.25, 1.0]
30 8 Color[0.25, 0.25, 0.25, 1.0]
30 9 Color[0.0, 0.53125, 0.0, 1.0]
30 10 Color[0.0, 0.53125, 0.0, 1.0]
30 11 Color[0.0, 0.53125, 0.0, 1.0]
30 12 Color[0.0, 0.53125, 0.0, 1.0]
30 13 Color[0.0, 0.53125, 0.0, 1.0]
30 14 Color[0.0, 0.53125, 0.0, 1.0]
30 15 Color[0.0, 0.53125, 0.0, 1.0]
30 16 Color[0.0, 0.53125, 0.0, 1.0]
30 17 Color[0.0, 0.53125, 0.0, 1.0]
30 18 Color[0.0, 0.53125, 0.0, 1.0]
30 19 Color[0.0, 0.53125, 0.0, 1.0]
30 20 Color[0.0, 0.53125, 0.0, 1.0]
30 21 Color[0.0, 0.53125, 0.0, 1.0]
30 22 Color[0.5, 0.5, 0.5, 1.0]
30 23 Color[0.5, 0.5, 0.5, 1.0]
30 24 Color[0.5, 0.5, 0.5, 1.0]
30 25 Color[0.0, 0.53125, 0.0, 1.0]
30 26 Color[0.0, 0.53125, 0.0, 1.0]
30 27 Color[0.0, 0.53125, 0.0, 1.0]
30 28 Color[0.0, 0.53125, 0.0, 1.0]
30 29 Color[0.0, 0.53125, 0.0, 1.0]
30 30 Color[0.0, 0.53125, 0.0, 1.0]
30 31 Color[0.0, 0.53125, 0.0, 1.0]
30 32 Color[0.0, 0.53125, 0.0, 1.0]
30 33 Color[0.0, 0.53125, 0.0, 1.0]
30 34 Color[0.0, 0.53125, 0.0, 1.0]
30 35 Color[0.0, 0.53125, 0.0, 1.0]
30 36 Color[0.0, 0.53125, 0.0, 1.0]
30 37 Color[0.0, 0.53125, 0.0, 1.0]
30 38 Color[0.0, 0.53125, 0.0, 1.0]
30 39 Color[0.0, 0.53125, 0.0, 1.0]
30 40 Color[0.0, 0.53125, 0.0, 1.0]
30 41 Color[0.0, 0.53125, 0.0, 1.0]
30 42 Color[0.0, 0.53125, 0.0, 1.0]
30 43 Color[0.0, 0.53125, 0.0, 1.0]
30 44 Color[0.0, 0.53125, 0.0, 1.0]
30 45 Color[0.0, 0.53125, 0.0, 1.0]
30 46 Color[0.0, 0.53125, 0.0, 1.0]
30 47 Color[0.0, 0.53125, 0.0, 1.0]
30 48 Color[0.0, 0.53125, 0.0, 1.0]
30 49 Color[0.0, 0.53125, 0.0, 1.0]
31 0 Color[0.0, 0.53125, 0.0, 1.0]
31 1 Color[0.0, 0.53125, 0.0, 1.0]
31 2 Color[0.25, 0.25, 0.25, 1.0]
31 3 Color[0.75, 0.75, 0.75, 1.0]
31 4 Color[0.75, 0.75, 0.75, 1.0]
31 5 Color[0.75, 0.75, 0.75, 1.0]
31 6 Color[0.75, 0.75, 0.75, 1.0]
31 7 Color[0.75, 0.75, 0.75, 1.0]
31 8 Color[0.25, 0.25, 0.25, 1.0]
31 9 Color[0.0, 0.53125, 0.0, 1.0]
31 10 Color[0.0, 0.53125, 0.0, 1.0]
31 11 Color[0.0, 0.53125, 0.0, 1.0]
31 12 Color[0.0, 0.53125, 0.0, 1.0]
31 13 Color[0.0, 0.53125, 0.0, 1.0]
31 14 Color[0.0, 0.53125, 0.0, 1.0]
31 15 Color[0.0, 0.53125, 0.0, 1.0]
31 16 Color[0.0, 0.53125, 0.0, 1.0]
31 17 Color[0.0, 0.53125, 0.0, 1.0]
31 18 Color[0.0, 0.53125, 0.0, 1.0]
31 19 Color[0.5, 0.5, 0.5, 1.0]
31 20 Color[0.5, 0.5, 0.5, 1.0]
31 21 Color[0.5, 0.5, 0.5, 1.0]
31 22 Color[0.5, 0.5, 0.5, 1.0]
31 23 Color[0.0, 0.53125, 0.0, 1.0]
31 24 Color[0.0, 0.53125, 0.0, 1.0]
31 25 Color[0.0, 0.53125, 0.0, 1.0]
31 26 Color[0.0, 0.53125, 0.0, 1.0]
31 27 Color[0.0, 0.53125, 0.0, 1.0]
31 28 Color[0.0, 0.53125, 0.0, 1.0]
31 29 Color[0.0, 0.53125, 0.0, 1.0]
31 30 Color[0.0, 0.53125, 0.0, 1.0]
31 31 Color[0.0, 0.53125, 0.0, 1.0]
31 32 Color[0.0, 0.53125, 0.0, 1.0]
31 33 Color[0.0, 0.53125, 0.0, 1.0]
31 34 Color[0.0, 0.53125, 0.0, 1.0]
31 35 Color[0.0, 0.53125, 0.0, 1.0]
31 36 Color[0.0, 0.53125, 0.0, 1.0]
31 37 Color[0.0, 0.53125, 0.0, 1.0]
31 38 Color[0.0, 0.53125, 0.0, 1.0]
31 39 Color[0.0, 0.53125, 0.0, 1.0]
31 40 Color[0.0, 0.53125, 0.0, 1.0]
31 41 Color[0.0, 0.53125, 0.0, 1.0]
31 42 Color[0.0, 0.53125, 0.0, 1.0]
31 43 Color[0.0, 0.53125, 0.0, 1.0]
31 44 Color[0.0, 0.53125, 0.0, 1.0]
31 45 Color[0.0, 0.53125, 0.0, 1.0]
31 46 Color[0.0, 0.53125, 0.0, 1.0]
31 47 Color[0.0, 0.53125, 0.0, 1.0]
31 48 Color[0.0, 0.53125, 0.0, 1.0]
31 49 Color[0.0, 0.53125, 0.0, 1.0]
32 0 Color[0.0, 0.53125, 0.0, 1.0]
32 1 Color[0.0, 0.53125, 0.0, 1.0]
32 2 Color[0.25, 0.25, 0.25, 1.0]
32 3 Color[0.75, 0.75, 0.75, 1.0]
32 4 Color[0.75, 0.75, 0.75, 1.0]
32 5 Color[0.75, 0.75, 0.75, 1.0]
32 6 Color[0.75, 0.75, 0.75, 1.0]
32 7 Color[0.75, 0.75, 0.75, 1.0]
32 8 Color[0.25, 0.25, 0.25, 1.0]
32 9 Color[0.0, 0.53125, 0.0, 1.0]
32 10 Color[0.0, 0.53125, 0.0, 1.0]
32 11 Color[0.0, 0.53125, 0.0, 1.0]
32 12 Color[0.0, 0.53125, 0.0, 1.0]
32 13 Color[0.0, 0.53125, 0.0, 1.0]
32 14 Color[0.0, 0.53125, 0.0, 1.0]
32 15 Color[0.0, 0.53125, 0.0, 1.0]
32 16 Color[0.5, 0.5, 0.5, 1.0]
32 17 Color[0.5, 0.5, 0.5, 1.0]
32 18 Color[0.5, 0.5, 0.5, 1.0]
32 19 Color[0.5, 0.5, 0.5, 1.0]
32 20 Color[0.0, 0.53125, 0.0, 1.0]
32 21 Color[0.0, 0.53125, 0.0, 1.0]
32 22 Color[0.0, 0.53125, 0.0, 1.0]
32 23 Color[0.0, 0.53125, 0.0, 1.0]
32 24 Color[0.0, 0.53125, 0.0, 1.0]
32 25 Color[0.0, 0.53125, 0.0, 1.0]
32 26 Color[0.0, 0.53125, 0.0, 1.0]
32 27 Color[0.0, 0.53125, 0.0, 1.0]
32 28 Color[0.0, 0.53125, 0.0, 1.0]
32 29 Color[0.0, 0.53125, 0.0, 1.0]
32 30 Color[0.0, 0.53125, 0.0, 1.0]
32 31 Color[0.0, 0.53125, 0.0, 1.0]
32 32 Color[0.0, 0.53125, 0.0, 1.0]
32 33 Color[0.0, 0.53125, 0.0, 1.0]
32 34 Color[0.0, 0.53125, 0.0, 1.0]
32 35 Color[0.0, 0.53125, 0.0, 1.0]
32 36 Color[0.0, 0.53125, 0.0, 1.0]
32 37 Color[0.0, 0.53125, 0.0, 1.0]
32 38 Color[0.0, 0.53125, 0.0, 1.0]
32 39 Color[0.0, 0.53125, 0.0, 1.0]
32 40 Color[0.0, 0.53125, 0.0, 1.0]
32 41 Color[0.0, 0.53125, 0.0, 1.0]
32 42 Color[0.0, 0.53125, 0.0, 1.0]
32 43 Color[0.0, 0.53125, 0.0, 1.0]
32 44 Color[0.0, 0.53125, 0.0, 1.0]
32 45 Color[0.0, 0.53125, 0.0, 1.0]
32 46 Color[0.0, 0.53125, 0.0, 1.0]
32 47 Color[0.0, 0.53125, 0.0, 1.0]
32 48 Color[0.0, 0.53125, 0.0, 1.0]
32 49 Color[0.0, 0.53125, 0.0, 1.0]
33 0 Color[0.0, 0.53125, 0.0, 1.0]
33 1 Color[0.0, 0.53125, 0.0, 1.0]
33 2 Color[0.25, 0.25, 0.25, 1.0]
33 3 Color[0.75, 0.75, 0.75, 1.0]
33 4 Color[0.75, 0.75, 0.75, 1.0]
33 5 Color[0.75, 0.75, 0.75, 1.0]
33 6 Color[0.75, 0.75, 0.75, 1.0]
33 7 Color[0.75, 0.75, 0.75, 1.0]
33 8 Color[0.25, 0.25, 0.25, 1.0]
33 9 Color[0.0, 0.53125, 0.0, 1.0]
33 10 Color[0.0, 0.53125, 0.0, 1.0]
33 11 Color[0.0, 0.53125, 0.0, 1.0]
33 12 Color[0.5, 0.5, 0.5, 1.0]
33 13 Color[0.5, 0.5, 0.5, 1.0]
33 14 Color[0.5, 0.5, 0.5, 1.0]
33 15 Color[0.5, 0.5, 0.5, 1.0]
33 16 Color[0.5, 0.5, 0.5, 1.0]
33 17 Color[0.0, 0.53125, 0.0, 1.0]
33 18 Color[0.0, 0.53125, 0.0, 1.0]
33 19 Color[0.0, 0.53125, 0.0, 1.0]
33 20 Color[0.0, 0.53125, 0.0, 1.0]
33 21 Color[0.0, 0.53125, 0.0, 1.0]
33 22 Color[0.0, 0.53125, 0.0, 1.0]
33 23 Color[0.0, 0.53125, 0.0, 1.0]
33 24 Color[0.0, 0.53125, 0.0, 1.0]
33 25 Color[0.0, 0.53125, 0.0, 1.0]
33 26 Color[0.0, 0.53125, 0.0, 1.0]
33 27 Color[0.0, 0.53125, 0.0, 1.0]
33 28 Color[0.0, 0.53125, 0.0, 1.0]
33 29 Color[0.0, 0.53125, 0.0, 1.0]
33 30 Color[0.0, 0.53125, 0.0, 1.0]
33 31 Color[0.0, 0.53125, 0.0, 1.0]
33 32 Color[0.0, 0.53125, 0.0, 1.0]
33 33 Color[0.0, 0.53125, 0.0, 1.0]
33 34 Color[0.0, 0.53125, 0.0, 1.0]
33 35 Color[0.0, 0.53125, 0.0, 1.0]
33 36 Color[0.0, 0.53125, 0.0, 1.0]
33 37 Color[0.0, 0.53125, 0.0, 1.0]
33 38 Color[0.0, 0.53125, 0.0, 1.0]
33 39 Color[0.0, 0.53125, 0.0, 1.0]
33 40 Color[0.0, 0.53125, 0.0, 1.0]
33 41 Color[0.0, 0.53125, 0.0, 1.0]
33 42 Color[0.0, 0.53125, 0.0, 1.0]
33 43 Color[0.0, 0.53125, 0.0, 1.0]
33 44 Color[0.0, 0.53125, 0.0, 1.0]
33 45 Color[0.0, 0.53125, 0.0, 1.0]
33 46 Color[0.0, 0.53125, 0.0, 1.0]
33 47 Color[0.0, 0.53125, 0.0, 1.0]
33 48 Color[0.0, 0.53125, 0.0, 1.0]
33 49 Color[0.0, 0.53125, 0.0, 1.0]
34 0 Color[0.0, 0.53125, 0.0, 1.0]
34 1 Color[0.0, 0.53125, 0.0, 1.0]
34 2 Color[0.25, 0.25, 0.25, 1.0]
34 3 Color[0.75, 0.75, 0.75, 1.0]
34 4 Color[0.75, 0.75, 0.75, 1.0]
34 5 Color[0.75, 0.75, 0.75, 1.0]
34 6 Color[0.75, 0.75, 0.75, 1.0]
34 7 Color[0.75, 0.75, 0.75, 1.0]
34 8 Color[0.75, 0.75, 0.75, 1.0]
34 9 Color[0.0, 0.53125, 0.0, 1.0]
34 10 Color[0.5, 0.5, 0.5, 1.0]
34 11 Color[0.5, 0.5, 0.5, 1.0]
34 12 Color[0.5, 0.5, 0.5, 1.0]
34 13 Color[0.0, 0.53125, 0.0, 1.0]
34 14 Color[0.0, 0.53125, 0.0, 1.0]
34 15 Color[0.0, 0.53125, 0.0, 1.0]
34 16 Color[0.0, 0.53125, 0.0, 1.0]
34 17 Color[0.0, 0.53125, 0.0, 1.0]
34 18 Color[0.0, 0.53125, 0.0, 1.0]
34 19 Color[0.0, 0.53125, 0.0, 1.0]
34 20 Color[0.0, 0.53125, 0.0, 1.0]
34 21 Color[0.0, 0.53125, 0.0, 1.0]
34 22 Color[0.0, 0.53125, 0.0, 1.0]
34 23 Color[0.0, 0.53125, 0.0, 1.0]
34 24 Color[0.0, 0.53125, 0.0, 1.0]
34 25 Color[0.0, 0.53125, 0.0, 1.0]
34 26 Color[0.0, 0.53125, 0.0, 1.0]
34 27 Color[0.0, 0.53125, 0.0, 1.0]
34 28 Color[0.0, 0.53125, 0.0, 1.0]
34 29 Color[0.0, 0.53125, 0.0, 1.0]
34 30 Color[0.0, 0.53125, 0.0, 1.0]
34 31 Color[0.0, 0.53125, 0.0, 1.0]
34 32 Color[0.0, 0.53125, 0.0, 1.0]
34 33 Color[0.0, 0.53125, 0.0, 1.0]
34 34 Color[0.0, 0.53125, 0.0, 1.0]
34 35 Color[0.0, 0.53125, 0.0, 1.0]
34 36 Color[0.0, 0.53125, 0.0, 1.0]
34 37 Color[0.0, 0.53125, 0.0, 1.0]
34 38 Color[0.0, 0.53125, 0.0, 1.0]
34 39 Color[0.0, 0.53125, 0.0, 1.0]
34 40 Color[0.0, 0.53125, 0.0, 1.0]
34 41 Color[0.0, 0.53125, 0.0, 1.0]
34 42 Color[0.0, 0.53125, 0.0, 1.0]
34 43 Color[0.0, 0.53125, 0.0, 1.0]
34 44 Color[0.0, 0.53125, 0.0, 1.0]
34 45 Color[0.0, 0.53125, 0.0, 1.0]
34 46 Color[0.0, 0.53125, 0.0, 1.0]
34 47 Color[0.0, 0.53125, 0.0, 1.0]
34 48 Color[0.0, 0.53125, 0.0, 1.0]
34 49 Color[0.0, 0.53125, 0.0, 1.0]
35 0 Color[0.0, 0.53125, 0.0, 1.0]
35 1 Color[0.0, 0.53125, 0.0, 1.0]
35 2 Color[0.25, 0.25, 0.25, 1.0]
35 3 Color[0.75, 0.75, 0.75, 1.0]
35 4 Color[0.75, 0.75, 0.75, 1.0]
35 5 Color[0.75, 0.75, 0.75, 1.0]
35 6 Color[0.75, 0.75, 0.75, 1.0]
35 7 Color[0.75, 0.75, 0.75, 1.0]
35 8 Color[0.75, 0.75, 0.75, 1.0]
35 9 Color[0.0, 0.53125, 0.0, 1.0]
35 10 Color[0.0, 0.53125, 0.0, 1.0]
35 11 Color[0.0, 0.53125, 0.0, 1.0]
35 12 Color[0.0, 0.53125, 0.0, 1.0]
35 13 Color[0.0, 0.53125, 0.0, 1.0]
35 14 Color[0.0, 0.53125, 0.0, 1.0]
35 15 Color[0.0, 0.53125, 0.0, 1.0]
35 16 Color[0.0, 0.53125, 0.0, 1.0]
35 17 Color[0.0, 0.53125, 0.0, 1.0]
35 18 Color[0.0, 0.53125, 0.0, 1.0]
35 19 Color[0.0, 0.53125, 0.0, 1.0]
35 20 Color[0.0, 0.53125, 0.0, 1.0]
35 21 Color[0.0, 0.53125, 0.0, 1.0]
35 22 Color[0.0, 0.53125, 0.0, 1.0]
35 23 Color[0.0, 0.53125, 0.0, 1.0]
35 24 Color[0.0, 0.53125, 0.0, 1.0]
35 25 Color[0.0, 0.53125, 0.0, 1.0]
35 26 Color[0.0, 0.53125, 0.0, 1.0]
35 27 Color[0.0, 0.53125, 0.0, 1.0]
35 28 Color[0.0, 0.53125, 0.0, 1.0]
35 29 Color[0.0, 0.53125, 0.0, 1.0]
35 30 Color[0.0, 0.53125, 0.0, 1.0]
35 31 Color[0.0, 0.53125, 0.0, 1.0]
35 32 Color[0.0, 0.53125, 0.0, 1.0]
35 33 Color[0.0, 0.53125, 0.0, 1.0]
35 34 Color[0.0, 0.53125, 0.0, 1.0]
35 35 Color[0.0, 0.53125, 0.0, 1.0]
35 36 Color[0.0, 0.53125, 0.0, 1.0]
35 37 Color[0.0, 0.53125, 0.0, 1.0]
35 38 Color[0.0, 0.53125, 0.0, 1.0]
35 39 Color[0.0, 0.53125, 0.0, 1.0]
35 40 Color[0.0, 0.53125, 0.0, 1.0]
35 41 Color[0.0, 0.53125, 0.0, 1.0]
35 42 Color[0.0, 0.53125, 0.0, 1.0]
35 43 Color[0.0, 0.53125, 0.0, 1.0]
35 44 Color[0.0, 0.53125, 0.0, 1.0]
35 45 Color[0.0, 0.53125, 0.0, 1.0]
35 46 Color[0.0, 0.53125, 0.0, 1.0]
35 47 Color[0.0, 0.53125, 0.0, 1.0]
35 48 Color[0.0, 0.53125, 0.0, 1.0]
35 49 Color[0.0, 0.53125, 0.0, 1.0]
36 0 Color[0.0, 0.53125, 0.0, 1.0]
36 1 Color[0.0, 0.53125, 0.0, 1.0]
36 2 Color[0.25, 0.25, 0.25, 1.0]
36 3 Color[0.75, 0.75, 0.75, 1.0]
36 4 Color[0.75, 0.75, 0.75, 1.0]
36 5 Color[0.75, 0.75, 0.75, 1.0]
36 6 Color[0.75, 0.75, 0.75, 1.0]
36 7 Color[0.75, 0.75, 0.75, 1.0]
36 8 Color[0.25, 0.25, 0.25, 1.0]
36 9 Color[0.0, 0.53125, 0.0, 1.0]
36 10 Color[0.0, 0.53125, 0.0, 1.0]
36 11 Color[0.0, 0.53125, 0.0, 1.0]
36 12 Color[0.0, 0.53125, 0.0, 1.0]
36 13 Color[0.0, 0.53125, 0.0, 1.0]
36 14 Color[0.0, 0.53125, 0.0, 1.0]
36 15 Color[0.0, 0.53125, 0.0, 1.0]
36 16 Color[0.0, 0.53125, 0.0, 1.0]
36 17 Color[0.0, 0.53125, 0.0, 1.0]
36 18 Color[0.0, 0.53125, 0.0, 1.0]
36 19 Color[0.0, 0.53125, 0.0, 1.0]
36 20 Color[0.0, 0.53125, 0.0, 1.0]
36 21 Color[0.0, 0.53125, 0.0, 1.0]
36 22 Color[0.0, 0.53125, 0.0, 1.0]
36 23 Color[0.0, 0.53125, 0.0, 1.0]
36 24 Color[0.0, 0.53125, 0.0, 1.0]
36 25 Color[0.0, 0.53125, 0.0, 1.0]
36 26 Color[0.0, 0.53125, 0.0, 1.0]
36 27 Color[0.0, 0.53125, 0.0, 1.0]
36 28 Color[0.0, 0.53125, 0.0, 1.0]
36 29 Color[0.0, 0.53125, 0.0, 1.0]
36 30 Color[0.0, 0.53125, 0.0, 1.0]
36 31 Color[0.0, 0.53125, 0.0, 1.0]
36 32 Color[0.0, 0.53125, 0.0, 1.0]
36 33 Color[0.0, 0.53125, 0.0, 1.0]
36 34 Color[0.0, 0.53125, 0.0, 1.0]
36 35 Color[0.0, 0.53125, 0.0, 1.0]
36 36 Color[0.0, 0.53125, 0.0, 1.0]
36 37 Color[0.0, 0.53125, 0.0, 1.0]
36 38 Color[0.0, 0.53125, 0.0, 1.0]
36 39 Color[0.0, 0.53125, 0.0, 1.0]
36 40 Color[0.0, 0.53125, 0.0, 1.0]
36 41 Color[0.0, 0.53125, 0.0, 1.0]
36 42 Color[0.0, 0.53125, 0.0, 1.0]
36 43 Color[0.0, 0.53125, 0.0, 1.0]
36 44 Color[0.0, 0.53125, 0.0, 1.0]
36 45 Color[0.0, 0.53125, 0.0, 1.0]
36 46 Color[0.0, 0.53125, 0.0, 1.0]
36 47 Color[0.0, 0.53125, 0.0, 1.0]
36 48 Color[0.0, 0.53125, 0.0, 1.0]
36 49 Color[0.0, 0.53125, 0.0, 1.0]
37 0 Color[0.0, 0.53125, 0.0, 1.0]
37 1 Color[0.0, 0.53125, 0.0, 1.0]
37 2 Color[0.25, 0.25, 0.25, 1.0]
37 3 Color[0.75, 0.75, 0.75, 1.0]
37 4 Color[0.75, 0.75, 0.75, 1.0]
37 5 Color[0.75, 0.75, 0.75, 1.0]
37 6 Color[0.75, 0.75, 0.75, 1.0]
37 7 Color[0.75, 0.75, 0.75, 1.0]
37 8 Color[0.25, 0.25, 0.25, 1.0]
37 9 Color[0.0, 0.53125, 0.0, 1.0]
37 10 Color[0.0, 0.53125, 0.0, 1.0]
37 11 Color[0.0, 0.53125, 0.0, 1.0]
37 12 Color[0.0, 0.53125, 0.0, 1.0]
37 13 Color[0.0, 0.53125, 0.0, 1.0]
37 14 Color[0.0, 0.53125, 0.0, 1.0]
37 15 Color[0.0, 0.53125, 0.0, 1.0]
37 16 Color[0.0, 0.53125, 0.0, 1.0]
37 17 Color[0.0, 0.53125, 0.0, 1.0]
37 18 Color[0.0, 0.53125, 0.0, 1.0]
37 19 Color[0.0, 0.53125, 0.0, 1.0]
37 20 Color[0.0, 0.53125, 0.0, 1.0]
37 21 Color[0.0, 0.53125, 0.0, 1.0]
37 22 Color[0.0, 0.53125, 0.0, 1.0]
37 23 Color[0.0, 0.53125, 0.0, 1.0]
37 24 Color[0.0, 0.53125, 0.0, 1.0]
37 25 Color[0.0, 0.53125, 0.0, 1.0]
37 26 Color[0.0, 0.53125, 0.0, 1.0]
37 27 Color[0.0, 0.53125, 0.0, 1.0]
37 28 Color[0.0, 0.53125, 0.0, 1.0]
37 29 Color[0.0, 0.53125, 0.0, 1.0]
37 30 Color[0.0, 0.53125, 0.0, 1.0]
37 31 Color[0.0, 0.53125, 0.0, 1.0]
37 32 Color[0.0, 0.53125, 0.0, 1.0]
37 33 Color[0.0, 0.53125, 0.0, 1.0]
37 34 Color[0.0, 0.53125, 0.0, 1.0]
37 35 Color[0.0, 0.53125, 0.0, 1.0]
37 36 Color[0.0, 0.53125, 0.0, 1.0]
37 37 Color[0.0, 0.53125, 0.0, 1.0]
37 38 Color[0.0, 0.53125, 0.0, 1.0]
37 39 Color[0.0, 0.53125, 0.0, 1.0]
37 40 Color[0.0, 0.53125, 0.0, 1.0]
37 41 Color[0.0, 0.53125, 0.0, 1.0]
37 42 Color[0.0, 0.53125, 0.0, 1.0]
37 43 Color[0.0, 0.53125, 0.0, 1.0]
37 44 Color[0.0, 0.53125, 0.0, 1.0]
37 45 Color[0.0, 0.53125, 0.0, 1.0]
37 46 Color[0.0, 0.53125, 0.0, 1.0]
37 47 Color[0.0, 0.53125, 0.0, 1.0]
37 48 Color[0.0, 0.53125, 0.0, 1.0]
37 49 Color[0.0, 0.53125, 0.0, 1.0]
38 0 Color[0.0, 0.53125, 0.0, 1.0]
38 1 Color[0.0, 0.53125, 0.0, 1.0]
38 2 Color[0.25, 0.25, 0.25, 1.0]
38 3 Color[0.75, 0.75, 0.75, 1.0]
38 4 Color[0.75, 0.75, 0.75, 1.0]
38 5 Color[0.75, 0.75, 0.75, 1.0]
38 6 Color[0.75, 0.75, 0.75, 1.0]
38 7 Color[0.75, 0.75, 0.75, 1.0]
38 8 Color[0.25, 0.25, 0.25, 1.0]
38 9 Color[0.0, 0.53125, 0.0, 1.0]
38 10 Color[0.0, 0.53125, 0.0, 1.0]
38 11 Color[0.0, 0.53125, 0.0, 1.0]
38 12 Color[0.0, 0.53125, 0.0, 1.0]
38 13 Color[0.0, 0.53125, 0.0, 1.0]
38 14 Color[0.0, 0.53125, 0.0, 1.0]
38 15 Color[0.0, 0.53125, 0.0, 1.0]
38 16 Color[0.0, 0.53125, 0.0, 1.0]
38 17 Color[0.0, 0.53125, 0.0, 1.0]
38 18 Color[0.0, 0.53125, 0.0, 1.0]
38 19 Color[0.0, 0.53125, 0.0, 1.0]
38 20 Color[0.0, 0.53125, 0.0, 1.0]
38 21 Color[0.0, 0.53125, 0.0, 1.0]
38 22 Color[0.0, 0.53125, 0.0, 1.0]
38 23 Color[0.0, 0.53125, 0.0, 1.0]
38 24 Color[0.0, 0.53125, 0.0, 1.0]
38 25 Color[0.0, 0.53125, 0.0, 1.0]
38 26 Color[0.0, 0.53125, 0.0, 1.0]
38 27 Color[0.0, 0.53125, 0.0, 1.0]
38 28 Color[0.0, 0.53125, 0.0, 1.0]
38 29 Color[0.0, 0.53125, 0.0, 1.0]
38 30 Color[0.0, 0.53125, 0.0, 1.0]
38 31 Color[0.0, 0.53125, 0.0, 1.0]
38 32 Color[0.0, 0.53125, 0.0, 1.0]
38 33 Color[0.0, 0.53125, 0.0, 1.0]
38 34 Color[0.0, 0.53125, 0.0, 1.0]
38 35 Color[0.0, 0.53125, 0.0, 1.0]
38 36 Color[0.0, 0.53125, 0.0, 1.0]
38 37 Color[0.0, 0.53125, 0.0, 1.0]
38 38 Color[0.0, 0.53125, 0.0, 1.0]
38 39 Color[0.0, 0.53125, 0.0, 1.0]
38 40 Color[0.0, 0.53125, 0.0, 1.0]
38 41 Color[0.0, 0.53125, 0.0, 1.0]
38 42 Color[0.0, 0.53125, 0.0, 1.0]
38 43 Color[0.0, 0.53125, 0.0, 1.0]
38 44 Color[0.0, 0.53125, 0.0, 1.0]
38 45 Color[0.0, 0.53125, 0.0, 1.0]
38 46 Color[0.0, 0.53125, 0.0, 1.0]
38 47 Color[0.0, 0.53125, 0.0, 1.0]
38 48 Color[0.0, 0.53125, 0.0, 1.0]
38 49 Color[0.0, 0.53125, 0.0, 1.0]
39 0 Color[0.0, 0.53125, 0.0, 1.0]
39 1 Color[0.0, 0.53125, 0.0, 1.0]
39 2 Color[0.25, 0.25, 0.25, 1.0]
39 3 Color[0.25, 0.25, 0.25, 1.0]
39 4 Color[0.25, 0.25, 0.25, 1.0]
39 5 Color[0.25, 0.25, 0.25, 1.0]
39 6 Color[0.25, 0.25, 0.25, 1.0]
39 7 Color[0.25, 0.25, 0.25, 1.0]
39 8 Color[0.25, 0.25, 0.25, 1.0]
39 9 Color[0.0, 0.53125, 0.0, 1.0]
39 10 Color[0.0, 0.53125, 0.0, 1.0]
39 11 Color[0.0, 0.53125, 0.0, 1.0]
39 12 Color[0.0, 0.53125, 0.0, 1.0]
39 13 Color[0.0, 0.53125, 0.0, 1.0]
39 14 Color[0.0, 0.53125, 0.0, 1.0]
39 15 Color[0.0, 0.53125, 0.0, 1.0]
39 16 Color[0.0, 0.53125, 0.0, 1.0]
39 17 Color[0.0, 0.53125, 0.0, 1.0]
39 18 Color[0.0, 0.53125, 0.0, 1.0]
39 19 Color[0.0, 0.53125, 0.0, 1.0]
39 20 Color[0.0, 0.53125, 0.0, 1.0]
39 21 Color[0.0, 0.53125, 0.0, 1.0]
39 22 Color[0.0, 0.53125, 0.0, 1.0]
39 23 Color[0.0, 0.53125, 0.0, 1.0]
39 24 Color[0.0, 0.53125, 0.0, 1.0]
39 25 Color[0.0, 0.53125, 0.0, 1.0]
39 26 Color[0.0, 0.53125, 0.0, 1.0]
39 27 Color[0.0, 0.53125, 0.0, 1.0]
39 28 Color[0.0, 0.53125, 0.0, 1.0]
39 29 Color[0.0, 0.53125, 0.0, 1.0]
39 30 Color[0.0, 0.53125, 0.0, 1.0]
39 31 Color[0.0, 0.53125, 0.0, 1.0]
39 32 Color[0.0, 0.53125, 0.0, 1.0]
39 33 Color[0.0, 0.53125, 0.0, 1.0]
39 34 Color[0.0, 0.53125, 0.0, 1.0]
39 35 Color[0.0, 0.53125, 0.0, 1.0]
39 36 Color[0.0, 0.53125, 0.0, 1.0]
39 37 Color[0.0, 0.53125, 0.0, 1.0]
39 38 Color[0.0, 0.53125, 0.0, 1.0]
39 39 Color[0.0, 0.53125, 0.0, 1.0]
39 40 Color[0.0, 0.53125, 0.0, 1.0]
39 41 Color[0.0, 0.53125, 0.0, 1.0]
39 42 Color[0.0, 0.53125, 0.0, 1.0]
39 43 Color[0.0, 0.53125, 0.0, 1.0]
39 44 Color[0.0, 0.53125, 0.0, 1.0]
39 45 Color[0.0, 0.53125, 0.0, 1.0]
39 46 Color[0.0, 0.53125, 0.0, 1.0]
39 47 Color[0.0, 0.53125, 0.0, 1.0]
39 48 Color[0.0, 0.53125, 0.0, 1.0]
39 49 Color[0.0, 0.53125, 0.0, 1.0]
40 0 Color[0.0, 0.53125, 0.0, 1.0]
40 1 Color[0.0, 0.53125, 0.0, 1.0]
40 2 Color[0.0, 0.53125, 0.0, 1.0]
40 3 Color[0.0, 0.53125, 0.0, 1.0]
40 4 Color[0.0, 0.53125, 0.0, 1.0]
40 5 Color[0.0, 0.53125, 0.0, 1.0]
40 6 Color[0.0, 0.53125, 0.0, 1.0]
40 7 Color[0.0, 0.53125, 0.0, 1.0]
40 8 Color[0.0, 0.53125, 0.0, 1.0]
40 9 Color[0.0, 0.53125, 0.0, 1.0]
40 10 Color[0.0, 0.53125, 0.0, 1.0]
40 11 Color[0.0, 0.53125, 0.0, 1.0]
40 12 Color[0.0, 0.53125, 0.0, 1.0]
40 13 Color[0.0, 0.53125, 0.0, 1.0]
40 14 Color[0.0, 0.53125, 0.0, 1.0]
40 15 Color[0.0, 0.53125, 0.0, 1.0]
40 16 Color[0.0, 0.53125, 0.0, 1.0]
40 17 Color[0.0, 0.53125, 0.0, 1.0]
40 18 Color[0.0, 0.53125, 0.0, 1.0]
40 19 Color[0.0, 0.53125, 0.0, 1.0]
40 20 Color[0.0, 0.53125, 0.0, 1.0]
40 21 Color[0.0, 0.53125, 0.0, 1.0]
40 22 Color[0.0, 0.53125, 0.0, 1.0]
40 23 Color[0.0, 0.53125, 0.0, 1.0]
40 24 Color[0.0, 0.53125, 0.0, 1.0]
40 25 Color[0.0, 0.53125, 0.0, 1.0]
40 26 Color[0.0, 0.53125, 0.0, 1.0]
40 27 Color[0.0, 0.53125, 0.0, 1.0]
40 28 Color[0.0, 0.53125, 0.0, 1.0]
40 29 Color[0.0, 0.53125, 0.0, 1.0]
40 30 Color[0.0, 0.53125, 0.0, 1.0]
40 31 Color[0.0, 0.53125, 0.0, 1.0]
40 32 Color[0.0, 0.53125, 0.0, 1.0]
40 33 Color[0.0, 0.53125, 0.0, 1.0]
40 34 Color[0.0, 0.53125, 0.0, 1.0]
40 35 Color[0.0, 0.53125, 0.0, 1.0]
40 36 Color[0.0, 0.53125, 0.0, 1.0]
40 37 Color[0.0, 0.53125, 0.0, 1.0]
40 38 Color[0.0, 0.53125, 0.0, 1.0]
40 39 Color[0.0, 0.53125, 0.0, 1.0]
40 40 Color[0.0, 0.53125, 0.0, 1.0]
40 41 Color[0.0, 0.53125, 0.0, 1.0]
40 42 Color[0.0, 0.53125, 0.0, 1.0]
40 43 Color[0.0, 0.53125, 0.0, 1.0]
40 44 Color[0.0, 0.53125, 0.0, 1.0]
40 45 Color[0.0, 0.53125, 0.0, 1.0]
40 46 Color[0.0, 0.53125, 0.0, 1.0]
40 47 Color[0.0, 0.53125, 0.0, 1.0]
40 48 Color[0.0, 0.53125, 0.0, 1.0]
40 49 Color[0.0, 0.53125, 0.0, 1.0]
41 0 Color[0.0, 0.53125, 0.0, 1.0]
41 1 Color[0.0, 0.53125, 0.0, 1.0]
41 2 Color[0.0, 0.53125, 0.0, 1.0]
41 3 Color[0.0, 0.53125, 0.0, 1.0]
41 4 Color[0.0, 0.53125, 0.0, 1.0]
41 5 Color[0.0, 0.53125, 0.0, 1.0]
41 6 Color[0.0, 0.53125, 0.0, 1.0]
41 7 Color[0.0, 0.53125, 0.0, 1.0]
41 8 Color[0.0, 0.53125, 0.0, 1.0]
41 9 Color[0.0, 0.53125, 0.0, 1.0]
41 10 Color[0.0, 0.53125, 0.0, 1.0]
41 11 Color[0.0, 0.53125, 0.0, 1.0]
41 12 Color[0.0, 0.53125, 0.0, 1.0]
41 13 Color[0.0, 0.53125, 0.0, 1.0]
41 14 Color[0.0, 0.53125, 0.0, 1.0]
41 15 Color[0.0, 0.53125, 0.0, 1.0]
41 16 Color[0.0, 0.53125, 0.0, 1.0]
41 17 Color[0.0, 0.53125, 0.0, 1.0]
41 18 Color[0.0, 0.53125, 0.0, 1.0]
41 19 Color[0.0, 0.53125, 0.0, 1.0]
41 20 Color[0.0, 0.53125, 0.0, 1.0]
41 21 Color[0.0, 0.53125, 0.0, 1.0]
41 22 Color[0.0, 0.53125, 0.0, 1.0]
41 23 Color[0.0, 0.53125, 0.0, 1.0]
41 24 Color[0.0, 0.53125, 0.0, 1.0]
41 25 Color[0.0, 0.53125, 0.0, 1.0]
41 26 Color[0.0, 0.53125, 0.0, 1.0]
41 27 Color[0.0, 0.53125, 0.0, 1.0]
41 28 Color[0.0, 0.53125, 0.0, 1.0]
41 29 Color[0.0, 0.53125, 0.0, 1.0]
41 30 Color[0.0, 0.53125, 0.0, 1.0]
41 31 Color[0.0, 0.53125, 0.0, 1.0]
41 32 Color[0.0, 0.53125, 0.0, 1.0]
41 33 Color[0.0, 0.53125, 0.0, 1.0]
41 34 Color[0.0, 0.53125, 0.0, 1.0]
41 35 Color[0.0, 0.53125, 0.0, 1.0]
41 36 Color[0.0, 0.53125, 0.0, 1.0]
41 37 Color[0.0, 0.53125, 0.0, 1.0]
41 38 Color[0.0, 0.53125, 0.0, 1.0]
41 39 Color[0.0, 0.53125, 0.0, 1.0]
41 40 Color[0.0, 0.53125, 0.0, 1.0]
41 41 Color[0.0, 0.53125, 0.0, 1.0]
41 42 Color[0.0, 0.53125, 0.0, 1.0]
41 43 Color[0.0, 0.53125, 0.0, 1.0]
41 44 Color[0.0, 0.53125, 0.0, 1.0]
41 45 Color[0.0, 0.53125, 0.0, 1.0]
41 46 Color[0.0, 0.53125, 0.0, 1.0]
41 47 Color[0.0, 0.53125, 0.0, 1.0]
41 48 Color[0.0, 0.53125, 0.0, 1.0]
41 49 Color[0.0, 0.53125, 0.0, 1.0]
42 0 Color[0.0, 0.53125, 0.0, 1.0]
42 1 Color[0.0, 0.53125, 0.0, 1.0]
42 2 Color[0.0, 0.53125, 0.0, 1.0]
42 3 Color[0.0, 0.53125, 0.0, 1.0]
42 4 Color[0.0, 0.53125, 0.0, 1.0]
42 5 Color[0.0, 0.53125, 0.0, 1.0]
42 6 Color[0.0, 0.53125, 0.0, 1.0]
42 7 Color[0.0, 0.53125, 0.0, 1.0]
42 8 Color[0.0, 0.53125, 0.0, 1.0]
42 9 Color[0.0, 0.53125, 0.0, 1.0]
42 10 Color[0.0, 0.53125, 0.0, 1.0]
42 11 Color[0.0, 0.53125, 0.0, 1.0]
42 12 Color[0.0, 0.53125, 0.0, 1.0]
42 13 Color[0.0, 0.53125, 0.0, 1.0]
42 14 Color[0.0, 0.53125, 0.0, 1.0]
42 15 Color[0.0, 0.53125, 0.0, 1.0]
42 16 Color[0.0, 0.53125, 0.0, 1.0]
42 17 Color[0.0, 0.53125, 0.0, 1.0]
42 18 Color[0.0, 0.53125, 0.0, 1.0]
42 19 Color[0.0, 0.53125, 0.0, 1.0]
42 20 Color[0.0, 0.53125, 0.0, 1.0]
42 21 Color[0.0, 0.53125, 0.0, 1.0]
42 22 Color[0.0, 0.53125, 0.0, 1.0]
42 23 Color[0.0, 0.53125, 0.0, 1.0]
42 24 Color[0.0, 0.53125, 0.0, 1.0]
42 25 Color[0.0, 0.53125, 0.0, 1.0]
42 26 Color[0.0, 0.53125, 0.0, 1.0]
42 27 Color[0.0, 0.53125, 0.0, 1.0]
42 28 Color[0.0, 0.53125, 0.0, 1.0]
42 29 Color[0.0, 0.53125, 0.0, 1.0]
42 30 Color[0.0, 0.53125, 0.0, 1.0]
42 31 Color[0.0, 0.53125, 0.0, 1.0]
42 32 Color[0.0, 0.53125, 0.0, 1.0]
42 33 Color[0.0, 0.53125, 0.0, 1.0]
42 34 Color[0.0, 0.53125, 0.0, 1.0]
42 35 Color[0.0, 0.53125, 0.0, 1.0]
42 36 Color[0.0, 0.53125, 0.0, 1.0]
42 37 Color[0.0, 0.53125, 0.0, 1.0]
42 38 Color[0.0, 0.53125, 0.0, 1.0]
42 39 Color[0.0, 0.53125, 0.0, 1.0]
42 40 Color[0.0, 0.53125, 0.0, 1.0]
42 41 Color[0.0, 0.53125, 0.0, 1.0]
42 42 Color[0.0, 0.53125, 0.0, 1.0]
42 43 Color[0.0, 0.53125, 0.0, 1.0]
42 44 Color[0.0, 0.53125, 0.0, 1.0]
42 45 Color[0.0, 0.53125, 0.0, 1.0]
42 46 Color[0.0, 0.53125, 0.0, 1.0]
42 47 Color[0.0, 0.53125, 0.0, 1.0]
42 48 Color[0.0, 0.53125, 0.0, 1.0]
42 49 Color[0.0, 0.53125, 0.0, 1.0]
43 0 Color[0.0, 0.53125, 0.0, 1.0]
43 1 Color[0.0, 0.53125, 0.0, 1.0]
43 2 Color[0.0, 0.53125, 0.0, 1.0]
43 3 Color[0.0, 0.53125, 0.0, 1.0]
43 4 Color[0.0, 0.53125, 0.0, 1.0]
43 5 Color[0.0, 0.53125, 0.0, 1.0]
43 6 Color[0.0, 0.53125, 0.0, 1.0]
43 7 Color[0.0, 0.53125, 0.0, 1.0]
43 8 Color[0.0, 0.53125, 0.0, 1.0]
43 9 Color[0.0, 0.53125, 0.0, 1.0]
43 10 Color[0.0, 0.53125, 0.0, 1.0]
43 11 Color[0.0, 0.53125, 0.0, 1.0]
43 12 Color[0.0, 0.53125, 0.0, 1.0]
43 13 Color[0.0, 0.53125, 0.0, 1.0]
43 14 Color[0.0, 0.53125, 0.0, 1.0]
43 15 Color[0.0, 0.53125, 0.0, 1.0]
43 16 Color[0.0, 0.53125, 0.0, 1.0]
43 17 Color[0.0, 0.53125, 0.0, 1.0]
43 18 Color[0.0, 0.53125, 0.0, 1.0]
43 19 Color[0.0, 0.53125, 0.0, 1.0]
43 20 Color[0.0, 0.53125, 0.0, 1.0]
43 21 Color[0.0, 0.53125, 0.0, 1.0]
43 22 Color[0.0, 0.53125, 0.0, 1.0]
43 23 Color[0.0, 0.53125, 0.0, 1.0]
43 24 Color[0.0, 0.53125, 0.0, 1.0]
43 25 Color[0.0, 0.53125, 0.0, 1.0]
43 26 Color[0.0, 0.53125, 0.0, 1.0]
43 27 Color[0.0, 0.53125, 0.0, 1.0]
43 28 Color[0.0, 0.53125, 0.0, 1.0]
43 29 Color[0.0, 0.53125, 0.0, 1.0]
43 30 Color[0.0, 0.53125, 0.0, 1.0]
43 31 Color[0.0, 0.53125, 0.0, 1.0]
43 32 Color[0.0, 0.53125, 0.0, 1.0]
43 33 Color[0.0, 0.53125, 0.0, 1.0]
43 34 Color[0.0, 0.53125, 0.0, 1.0]
43 35 Color[0.0, 0.53125, 0.0, 1.0]
43 36 Color[0.0, 0.53125, 0.0, 1.0]
43 37 Color[0.0, 0.53125, 0.0, 1.0]
43 38 Color[0.0, 0.53125, 0.0, 1.0]
43 39 Color[0.0, 0.53125, 0.0, 1.0]
43 40 Color[0.0, 0.53125, 0.0, 1.0]
43 41 Color[0.0, 0.53125, 0.0, 1.0]
43 42 Color[0.0, 0.53125, 0.0, 1.0]
43 43 Color[0.0, 0.53125, 0.0, 1.0]
43 44 Color[0.0, 0.53125, 0.0, 1.0]
43 45 Color[0.0, 0.53125, 0.0, 1.0]
43 46 Color[0.0, 0.53125, 0.0, 1.0]
43 47 Color[0.0, 0.53125, 0.0, 1.0]
43 48 Color[0.0, 0.53125, 0.0, 1.0]
43 49 Color[0.0, 0.53125, 0.0, 1.0]
44 0 Color[0.0, 0.53125, 0.0, 1.0]
44 1 Color[0.0, 0.53125, 0.0, 1.0]
44 2 Color[0.0, 0.53125, 0.0, 1.0]
44 3 Color[0.0, 0.53125, 0.0, 1.0]
44 4 Color[0.0, 0.53125, 0.0, 1.0]
44 5 Color[0.0, 0.53125, 0.0, 1.0]
44 6 Color[0.0, 0.53125, 0.0, 1.0]
44 7 Color[0.0, 0.53125, 0.0, 1.0]
44 8 Color[0.0, 0.53125, 0.0, 1.0]
44 9 Color[0.0, 0.53125, 0.0, 1.0]
44 10 Color[0.0, 0.53125, 0.0, 1.0]
44 11 Color[0.0, 0.53125, 0.0, 1.0]
44 12 Color[0.0, 0.53125, 0.0, 1.0]
44 13 Color[0.0, 0.53125, 0.0, 1.0]
44 14 Color[0.0, 0.53125, 0.0, 1.0]
44 15 Color[0.0, 0.53125, 0.0, 1.0]
44 16 Color[0.0, 0.53125, 0.0, 1.0]
44 17 Color[0.0, 0.53125, 0.0, 1.0]
44 18 Color[0.0, 0.53125, 0.0, 1.0]
44 19 Color[0.0, 0.53125, 0.0, 1.0]
44 20 Color[0.0, 0.53125, 0.0, 1.0]
44 21 Color[0.0, 0.53125, 0.0, 1.0]
44 22 Color[0.0, 0.53125, 0.0, 1.0]
44 23 Color[0.0, 0.53125, 0.0, 1.0]
44 24 Color[0.0, 0.53125, 0.0, 1.0]
44 25 Color[0.0, 0.53125, 0.0, 1.0]
44 26 Color[0.0, 0.53125, 0.0, 1.0]
44 27 Color[0.0, 0.53125, 0.0, 1.0]
44 28 Color[0.0, 0.53125, 0.0, 1.0]
44 29 Color[0.0, 0.53125, 0.0, 1.0]
44 30 Color[0.0, 0.53125, 0.0, 1.0]
44 31 Color[0.0, 0.53125, 0.0, 1.0]
44 32 Color[0.0, 0.53125, 0.0, 1.0]
44 33 Color[0.0, 0.53125, 0.0, 1.0]
44 34 Color[0.0, 0.53125, 0.0, 1.0]
44 35 Color[0.0, 0.53125, 0.0, 1.0]
44 36 Color[0.0, 0.53125, 0.0, 1.0]
44 37 Color[0.0, 0.53125, 0.0, 1.0]
44 38 Color[0.0, 0.53125, 0.0, 1.0]
44 39 Color[0.0, 0.53125, 0.0, 1.0]
44 40 Color[0.0, 0.53125, 0.0, 1.0]
44 41 Color[0.0, 0.53125, 0.0, 1.0]
44 42 Color[0.0, 0.53125, 0.0, 1.0]
44 43 Color[0.0, 0.53125, 0.0, 1.0]
44 44 Color[0.0, 0.53125, 0.0, 1.0]
44 45 Color[0.0, 0.53125, 0.0, 1.0]
44 46 Color[0.0, 0.53125, 0.0, 1.0]
44 47 Color[0.0, 0.53125, 0.0, 1.0]
44 48 Color[0.0, 0.53125, 0.0, 1.0]
44 49 Color[0.0, 0.53125, 0.0, 1.0]
45 0 Color[0.0, 0.53125, 0.0, 1.0]
45 1 Color[0.0, 0.53125, 0.0, 1.0]
45 2 Color[0.0, 0.53125, 0.0, 1.0]
45 3 Color[0.0, 0.53125, 0.0, 1.0]
45 4 Color[0.0, 0.53125, 0.0, 1.0]
45 5 Color[0.0, 0.53125, 0.0, 1.0]
45 6 Color[0.0, 0.53125, 0.0, 1.0]
45 7 Color[0.0, 0.53125, 0.0, 1.0]
45 8 Color[0.0, 0.53125, 0.0, 1.0]
45 9 Color[0.0, 0.53125, 0.0, 1.0]
45 10 Color[0.0, 0.53125, 0.0, 1.0]
45 11 Color[0.0, 0.53125, 0.0, 1.0]
45 12 Color[0.0, 0.53125, 0.0, 1.0]
45 13 Color[0.0, 0.53125, 0.0, 1.0]
45 14 Color[0.0, 0.53125, 0.0, 1.0]
45 15 Color[0.0, 0.53125, 0.0, 1.0]
45 16 Color[0.0, 0.53125, 0.0, 1.0]
45 17 Color[0.0, 0.53125, 0.0, 1.0]
45 18 Color[0.0, 0.53125, 0.0, 1.0]
45 19 Color[0.0, 0.53125, 0.0, 1.0]
45 20 Color[0.0, 0.53125, 0.0, 1.0]
45 21 Color[0.0, 0.53125, 0.0, 1.0]
45 22 Color[0.0, 0.53125, 0.0, 1.0]
45 23 Color[0.0, 0.53125, 0.0, 1.0]
45 24 Color[0.0, 0.53125, 0.0, 1.0]
45 25 Color[0.0, 0.53125, 0.0, 1.0]
45 26 Color[0.0, 0.53125, 0.0, 1.0]
45 27 Color[0.0, 0.53125, 0.0, 1.0]
45 28 Color[0.0, 0.53125, 0.0, 1.0]
45 29 Color[0.0, 0.53125, 0.0, 1.0]
45 30 Color[0.0, 0.53125, 0.0, 1.0]
45 31 Color[0.0, 0.53125, 0.0, 1.0]
45 32 Color[0.0, 0.53125, 0.0, 1.0]
45 33 Color[0.0, 0.53125, 0.0, 1.0]
45 34 Color[0.0, 0.53125, 0.0, 1.0]
45 35 Color[0.0, 0.53125, 0.0, 1.0]
45 36 Color[0.0, 0.53125, 0.0, 1.0]
45 37 Color[0.0, 0.53125, 0.0, 1.0]
45 38 Color[0.0, 0.53125, 0.0, 1.0]
45 39 Color[0.0, 0.53125, 0.0, 1.0]
45 40 Color[0.0, 0.53125, 0.0, 1.0]
45 41 Color[0.0, 0.53125, 0.0, 1.0]
45 42 Color[0.0, 0.53125, 0.0, 1.0]
45 43 Color[0.0, 0.53125, 0.0, 1.0]
45 44 Color[0.0, 0.53125, 0.0, 1.0]
45 45 Color[0.0, 0.53125, 0.0, 1.0]
45 46 Color[0.0, 0.53125, 0.0, 1.0]
45 47 Color[0.0, 0.53125, 0.0, 1.0]
45 48 Color[0.0, 0.53125, 0.0, 1.0]
45 49 Color[0.0, 0.53125, 0.0, 1.0]
46 0 Color[0.0, 0.53125, 0.0, 1.0]
46 1 Color[0.0, 0.53125, 0.0, 1.0]
46 2 Color[0.0, 0.53125, 0.0, 1.0]
46 3 Color[0.0, 0.53125, 0.0, 1.0]
46 4 Color[0.0, 0.53125, 0.0, 1.0]
46 5 Color[0.0, 0.53125, 0.0, 1.0]
46 6 Color[0.0, 0.53125, 0.0, 1.0]
46 7 Color[0.0, 0.53125, 0.0, 1.0]
46 8 Color[0.0, 0.53125, 0.0, 1.0]
46 9 Color[0.0, 0.53125, 0.0, 1.0]
46 10 Color[0.0, 0.53125, 0.0, 1.0]
46 11 Color[0.0, 0.53125, 0.0, 1.0]
46 12 Color[0.0, 0.53125, 0.0, 1.0]
46 13 Color[0.0, 0.53125, 0.0, 1.0]
46 14 Color[0.0, 0.53125, 0.0, 1.0]
46 15 Color[0.0, 0.53125, 0.0, 1.0]
46 16 Color[0.0, 0.53125, 0.0, 1.0]
46 17 Color[0.0, 0.53125, 0.0, 1.0]
46 18 Color[0.0, 0.53125, 0.0, 1.0]
46 19 Color[0.0, 0.53125, 0.0, 1.0]
46 20 Color[0.0, 0.53125, 0.0, 1.0]
46 21 Color[0.0, 0.53125, 0.0, 1.0]
46 22 Color[0.0, 0.53125, 0.0, 1.0]
46 23 Color[0.0, 0.53125, 0.0, 1.0]
46 24 Color[0.0, 0.53125, 0.0, 1.0]
46 25 Color[0.0, 0.53125, 0.0, 1.0]
46 26 Color[0.0, 0.53125, 0.0, 1.0]
46 27 Color[0.0, 0.53125, 0.0, 1.0]
46 28 Color[0.0, 0.53125, 0.0, 1.0]
46 29 Color[0.0, 0.53125, 0.0, 1.0]
46 30 Color[0.0, 0.53125, 0.0, 1.0]
46 31 Color[0.0, 0.53125, 0.0, 1.0]
46 32 Color[0.0, 0.53125, 0.0, 1.0]
46 33 Color[0.0, 0.53125, 0.0, 1.0]
46 34 Color[0.0, 0.53125, 0.0, 1.0]
46 35 Color[0.0, 0.53125, 0.0, 1.0]
46 36 Color[0.0, 0.53125, 0.0, 1.0]
46 37 Color[0.0, 0.53125, 0.0, 1.0]
46 38 Color[0.0, 0.53125, 0.0, 1.0]
46 39 Color[0.0, 0.53125, 0.0, 1.0]
46 40 Color[0.0, 0.53125, 0.0, 1.0]
46 41 Color[0.0, 0.53125, 0.0, 1.0]
46 42 Color[0.0, 0.53125, 0.0, 1.0]
46 43 Color[0.0, 0.53125, 0.0, 1.0]
46 44 Color[0.0, 0.53125, 0.0, 1.0]
46 45 Color[0.0, 0.53125, 0.0, 1.0]
46 46 Color[0.0, 0.53125, 0.0, 1.0]
46 47 Color[0.0, 0.53125, 0.0, 1.0]
46 48 Color[0.0, 0.53125, 0.0, 1.0]
46 49 Color[0.0, 0.53125, 0.0, 1.0]
47 0 Color[0.0, 0.53125, 0.0, 1.0]
47 1 Color[0.0, 0.53125, 0.0, 1.0]
47 2 Color[0.0, 0.53125, 0.0, 1.0]
47 3 Color[0.0, 0.53125, 0.0, 1.0]
47 4 Color[0.0, 0.53125, 0.0, 1.0]
47 5 Color[0.0, 0.53125, 0.0, 1.0]
47 6 Color[0.0, 0.53125, 0.0, 1.0]
47 7 Color[0.0, 0.53125, 0.0, 1.0]
47 8 Color[0.0, 0.53125, 0.0, 1.0]
47 9 Color[0.0, 0.53125, 0.0, 1.0]
47 10 Color[0.0, 0.53125, 0.0, 1.0]
47 11 Color[0.0, 0.53125, 0.0, 1.0]
47 12 Color[0.0, 0.53125, 0.0, 1.0]
47 13 Color[0.0, 0.53125, 0.0, 1.0]
47 14 Color[0.0, 0.53125, 0.0, 1.0]
47 15 Color[0.0, 0.53125, 0.0, 1.0]
47 16 Color[0.0, 0.53125, 0.0, 1.0]
47 17 Color[0.0, 0.53125, 0.0, 1.0]
47 18 Color[0.0, 0.53125, 0.0, 1.0]
47 19 Color[0.0, 0.53125, 0.0, 1.0]
47 20 Color[0.0, 0.53125, 0.0, 1.0]
47 21 Color[0.0, 0.53125, 0.0, 1.0]
47 22 Color[0.0, 0.53125, 0.0, 1.0]
47 23 Color[0.0, 0.53125, 0.0, 1.0]
47 24 Color[0.0, 0.53125, 0.0, 1.0]
47 25 Color[0.0, 0.53125, 0.0, 1.0]
47 26 Color[0.0, 0.53125, 0.0, 1.0]
47 27 Color[0.0, 0.53125, 0.0, 1.0]
47 28 Color[0.0, 0.53125, 0.0, 1.0]
47 29 Color[0.0, 0.53125, 0.0, 1.0]
47 30 Color[0.0, 0.53125, 0.0, 1.0]
47 31 Color[0.0, 0.53125, 0.0, 1.0]
47 32 Color[0.0, 0.53125, 0.0, 1.0]
47 33 Color[0.0, 0.53125, 0.0, 1.0]
47 34 Color[0.0, 0.53125, 0.0, 1.0]
47 35 Color[0.0, 0.53125, 0.0, 1.0]
47 36 Color[0.0, 0.53125, 0.0, 1.0]
47 37 Color[0.0, 0.53125, 0.0, 1.0]
47 38 Color[0.0, 0.53125, 0.0, 1.0]
47 39 Color[0.0, 0.53125, 0.0, 1.0]
47 40 Color[0.0, 0.53125, 0.0, 1.0]
47 41 Color[0.0, 0.53125, 0.0, 1.0]
47 42 Color[0.0, 0.53125, 0.0, 1.0]
47 43 Color[0.0, 0.53125, 0.0, 1.0]
47 44 Color[0.0, 0.53125, 0.0, 1.0]
47 45 Color[0.0, 0.53125, 0.0, 1.0]
47 46 Color[0.0, 0.53125, 0.0, 1.0]
47 47 Color[0.0, 0.53125, 0.0, 1.0]
47 48 Color[0.0, 0.53125, 0.0, 1.0]
47 49 Color[0.0, 0.53125, 0.0, 1.0]
48 0 Color[0.0, 0.53125, 0.0, 1.0]
48 1 Color[0.0, 0.53125, 0.0, 1.0]
48 2 Color[0.0, 0.53125, 0.0, 1.0]
48 3 Color[0.0, 0.53125, 0.0, 1.0]
48 4 Color[0.0, 0.53125, 0.0, 1.0]
48 5 Color[0.0, 0.53125, 0.0, 1.0]
48 6 Color[0.0, 0.53125, 0.0, 1.0]
48 7 Color[0.0, 0.53125, 0.0, 1.0]
48 8 Color[0.0, 0.53125, 0.0, 1.0]
48 9 Color[0.0, 0.53125, 0.0, 1.0]
48 10 Color[0.0, 0.53125, 0.0, 1.0]
48 11 Color[0.0, 0.53125, 0.0, 1.0]
48 12 Color[0.0, 0.53125, 0.0, 1.0]
48 13 Color[0.0, 0.53125, 0.0, 1.0]
48 14 Color[0.0, 0.53125, 0.0, 1.0]
48 15 Color[0.0, 0.53125, 0.0, 1.0]
48 16 Color[0.0, 0.53125, 0.0, 1.0]
48 17 Color[0.0, 0.53125, 0.0, 1.0]
48 18 Color[0.0, 0.53125, 0.0, 1.0]
48 19 Color[0.0, 0.53125, 0.0, 1.0]
48 20 Color[0.0, 0.53125, 0.0, 1.0]
48 21 Color[0.0, 0.53125, 0.0, 1.0]
48 22 Color[0.0, 0.53125, 0.0, 1.0]
48 23 Color[0.0, 0.53125, 0.0, 1.0]
48 24 Color[0.0, 0.53125, 0.0, 1.0]
48 25 Color[0.0, 0.53125, 0.0, 1.0]
48 26 Color[0.0, 0.53125, 0.0, 1.0]
48 27 Color[0.0, 0.53125, 0.0, 1.0]
48 28 Color[0.0, 0.53125, 0.0, 1.0]
48 29 Color[0.0, 0.53125, 0.0, 1.0]
48 30 Color[0.0, 0.53125, 0.0, 1.0]
48 31 Color[0.0, 0.53125, 0.0, 1.0]
48 32 Color[0.0, 0.53125, 0.0, 1.0]
48 33 Color[0.0, 0.53125, 0.0, 1.0]
48 34 Color[0.0, 0.53125, 0.0, 1.0]
48 35 Color[0.0, 0.53125, 0.0, 1.0]
48 36 Color[0.0, 0.53125, 0.0, 1.0]
48 37 Color[0.0, 0.53125, 0.0, 1.0]
48 38 Color[0.0, 0.53125, 0.0, 1.0]
48 39 Color[0.0, 0.53125, 0.0, 1.0]
48 40 Color[0.0, 0.53125, 0.0, 1.0]
48 41 Color[0.0, 0.53125, 0.0, 1.0]
48 42 Color[0.0, 0.53125, 0.0, 1.0]
48 43 Color[0.0, 0.53125, 0.0, 1.0]
48 44 Color[0.0, 0.53125, 0.0, 1.0]
48 45 Color[0.0, 0.53125, 0.0, 1.0]
48 46 Color[0.0, 0.53125, 0.0, 1.0]
48 47 Color[0.0, 0.53125, 0.0, 1.0]
48 48 Color[0.0, 0.53125, 0.0, 1.0]
48 49 Color[0.0, 0.53125, 0.0, 1.0]
49 0 Color[0.0, 0.53125, 0.0, 1.0]
49 1 Color[0.0, 0.53125, 0.0, 1.0]
49 2 Color[0.0, 0.53125, 0.0, 1.0]
49 3 Color[0.0, 0.53125, 0.0, 1.0]
49 4 Color[0.0, 0.53125, 0.0, 1.0]
49 5 Color[0.0, 0.53125, 0.0, 1.0]
49 6 Color[0.0, 0.53125, 0.0, 1.0]
49 7 Color[0.0, 0.53125, 0.0, 1.0]
49 8 Color[0.0, 0.53125, 0.0, 1.0]
49 9 Color[0.0, 0.53125, 0.0, 1.0]
49 10 Color[0.0, 0.53125, 0.0, 1.0]
49 11 Color[0.0, 0.53125, 0.0, 1.0]
49 12 Color[0.0, 0.53125, 0.0, 1.0]
49 13 Color[0.0, 0.53125, 0.0, 1.0]
49 14 Color[0.0, 0.53125, 0.0, 1.0]
49 15 Color[0.0, 0.53125, 0.0, 1.0]
49 16 Color[0.0, 0.53125, 0.0, 1.0]
49 17 Color[0.0, 0.53125, 0.0, 1.0]
49 18 Color[0.0, 0.53125, 0.0, 1.0]
49 19 Color[0.0, 0.53125, 0.0, 1.0]
49 20 Color[0.0, 0.53125, 0.0, 1.0]
49 21 Color[0.0, 0.53125, 0.0, 1.0]
49 22 Color[0.0, 0.53125, 0.0, 1.0]
49 23 Color[0.0, 0.53125, 0.0, 1.0]
49 24 Color[0.0, 0.53125, 0.0, 1.0]
49 25 Color[0.0, 0.53125, 0.0, 1.0]
49 26 Color[0.0, 0.53125, 0.0, 1.0]
49 27 Color[0.0, 0.53125, 0.0, 1.0]
49 28 Color[0.0, 0.53125, 0.0, 1.0]
49 29 Color[0.0, 0.53125, 0.0, 1.0]
49 30 Color[0.0, 0.53125, 0.0, 1.0]
49 31 Color[0.0, 0.53125, 0.0, 1.0]
49 32 Color[0.0, 0.53125, 0.0, 1.0]
49 33 Color[0.0, 0.53125, 0.0, 1.0]
49 34 Color[0.0, 0.53125, 0.0, 1.0]
49 35 Color[0.0, 0.53125, 0.0, 1.0]
49 36 Color[0.0, 0.53125, 0.0, 1.0]
49 37 Color[0.0, 0.53125, 0.0, 1.0]
49 38 Color[0.0, 0.53125, 0.0, 1.0]
49 39 Color[0.0, 0.53125, 0.0, 1.0]
49 40 Color[0.0, 0.53125, 0.0, 1.0]
49 41 Color[0.0, 0.53125, 0.0, 1.0]
49 42 Color[0.0, 0.53125, 0.0, 1.0]
49 43 Color[0.0, 0.53125, 0.0, 1.0]
49 44 Color[0.0, 0.53125, 0.0, 1.0]
49 45 Color[0.0, 0.53125, 0.0, 1.0]
49 46 Color[0.0, 0.53125, 0.0, 1.0]
49 47 Color[0.0, 0.53125, 0.0, 1.0]
49 48 Color[0.0, 0.53125, 0.0, 1.0]
49 49 Color[0.0, 0.53125, 0.0, 1.0]
